4,5,7,8,9,10,11
(-217,135,414,-2)
(-215,136,414,-2)
(-213,137,414,-2)
(-211,138,414,-2)
(-209,139,414,-2)
(-207,140,414,-2)
(-205,141,414,-2)
(-203,142,414,-2)
(-201,143,414,-2)
(-199,144,414,-2)
(-197,145,414,-2)
(-195,146,414,-2)
(-193,147,414,-2)
(-191,148,414,-2)
(-189,149,414,-2)
(-187,150,414,-2)
(-185,151,414,-2)
(-183,152,414,-2)
(-181,153,414,-2)
(-179,154,414,-2)
(-177,155,414,-2)
(-175,156,414,-2)
(-173,157,414,-2)
(-171,158,414,-2)
(-169,159,414,-2)
(-167,160,414,-2)
(-165,161,414,-2)
(-163,162,414,-2)
(-161,163,414,-2)
(-159,164,414,-2)
(-157,165,414,-2)
(-155,166,414,-2)
(-153,167,414,-2)
(-151,168,414,-2)
(-149,169,414,-2)
(-147,170,414,-2)
(-145,171,414,-2)
(-143,172,414,-2)
(-141,173,414,-2)
(-139,174,414,-2)
(-137,175,414,-2)
(-135,176,414,-2)
(-133,177,414,-2)
(-131,178,414,-2)
(-129,179,414,-2)
(-127,180,414,-2)
(-125,181,414,-2)
(-123,182,414,-2)
(-121,183,414,-2)
(-119,184,414,-2)
(-117,185,414,-2)
(-115,186,414,-2)
(-113,187,414,-2)
(-111,188,414,-2)
(-109,189,414,-2)
(-107,190,414,-2)
(-105,191,414,-2)
(-103,192,414,-2)
(-101,193,414,-2)
(-99,194,414,-2)
(-97,195,414,-2)
(-95,196,414,-2)
(-93,197,414,-2)
(-91,198,414,-2)
(-89,199,414,-2)
(-87,200,414,-2)
(-85,201,414,-2)
(-83,202,414,-2)
(-81,203,414,-2)
(-79,204,414,-2)
(-77,205,414,-2)
(-75,206,414,-2)
(-73,207,414,-2)
(-71,208,414,-2)
(-69,209,414,-2)
(-67,210,414,-2)
(-65,211,414,-2)
(-63,212,414,-2)
(-61,213,414,-2)
(-59,214,414,-2)
(-57,215,414,-2)
(-55,216,414,-2)
(-53,217,414,-2)
(-51,218,414,-2)
(-49,219,414,-2)
(-47,220,414,-2)
(-45,221,414,-2)
(-43,222,414,-2)
(-41,223,414,-2)
(-39,224,414,-2)
(-37,225,414,-2)
(-35,226,414,-2)
(-33,227,414,-2)
(-31,228,414,-2)
(-29,229,414,-2)
(-27,230,414,-2)
(-25,231,414,-2)
(-23,232,414,-2)
(-21,233,414,-2)
(-19,234,414,-2)
(-17,235,414,-2)
(-15,236,414,-2)
(-13,237,414,-2)
(-12,238,414,-2)
(-10,240,414,-2)
(-9,241,414,-2)
(-7,242,414,-2)
(-5,243,414,-2)
(-4,244,414,-2)
(-2,245,414,-2)
(0,247,414,-2)
(1,248,414,-2)
(3,249,414,-2)
(4,250,414,-2)
(6,251,414,-2)
(8,252,414,-2)
(9,254,414,-2)
(11,255,414,-2)
(13,256,414,-2)
(14,257,414,-2)
(16,258,414,-2)
(17,259,414,-2)
(19,261,414,-2)
(21,262,414,-2)
(22,263,414,-2)
(24,264,414,-2)
(26,265,414,-2)
(27,266,414,-2)
(29,268,414,-2)
(30,269,414,-2)
(32,270,414,-2)
(34,271,414,-2)
(35,272,414,-2)
(37,274,414,-2)
(39,275,414,-2)
(40,276,414,-2)
(42,277,414,-2)
(43,278,414,-2)
(45,279,414,-2)
(47,281,414,-2)
(48,282,414,-2)
(50,283,414,-2)
(51,284,414,-2)
(53,285,414,-2)
(55,286,414,-2)
(56,288,414,-2)
(58,289,414,-2)
(60,290,414,-2)
(61,291,414,-2)
(63,292,414,-2)
(64,294,414,-2)
(66,295,414,-2)
(68,296,414,-2)
(69,297,414,-2)
(71,298,414,-2)
(73,299,414,-2)
(74,301,414,-2)
(76,302,414,-2)
(77,303,414,-2)
(79,304,414,-2)
(81,305,414,-2)
(82,306,414,-2)
(84,308,414,-2)
(85,309,414,-2)
(87,310,414,-2)
(89,311,414,-2)
(90,312,414,-2)
(92,314,414,-2)
(94,315,414,-2)
(95,316,414,-2)
(97,317,414,-2)
(98,318,414,-2)
(100,319,414,-2)
(102,321,414,-2)
(103,322,414,-2)
(105,323,414,-2)
(106,324,414,-2)
(108,325,414,-2)
(110,327,414,-2)
(111,328,414,-2)
(113,329,414,-2)
(115,330,414,-2)
(116,331,414,-2)
(118,332,414,-2)
(119,334,414,-2)
(121,335,414,-2)
(123,336,414,-2)
(124,337,414,-2)
(126,338,414,-2)
(128,339,414,-2)
(129,341,414,-2)
(131,342,414,-2)
(132,343,414,-2)
(134,344,414,-2)
(136,345,414,-2)
(137,347,414,-2)
(139,348,414,-2)
(140,349,414,-2)
(142,350,414,-2)
(144,351,414,-2)
(145,352,414,-2)
(147,354,414,-2)
(149,355,414,-2)
(150,356,414,-2)
(152,357,414,-2)
(153,358,414,-2)
(155,360,414,-2)
(157,361,414,-2)
(158,362,414,-2)
(160,363,414,-2)
(161,364,414,-2)
(163,365,414,-2)
(165,367,414,-2)
(166,368,414,-2)
(168,369,414,-2)
(170,370,414,-2)
(171,371,414,-2)
(173,372,414,-2)
(174,374,414,-2)
(176,375,414,-2)
(178,376,414,-2)
(179,377,414,-2)
(181,378,414,-2)
(183,380,414,-2)
(184,381,414,-2)
(186,382,414,-2)
(187,383,414,-2)
(189,384,414,-2)
(191,385,414,-2)
(192,387,414,-2)
(194,388,414,-2)
(195,389,414,-2)
(197,390,414,-2)
(199,391,414,-2)
(200,393,414,-2)
(202,394,414,-2)
(204,395,414,-2)
(205,396,414,-2)
(207,397,414,-2)
(208,398,414,-2)
(210,400,414,-2)
(212,401,414,-2)
(213,402,414,-2)
(215,403,414,-2)
(216,404,414,-2)
(218,405,414,-2)
(220,407,414,-2)
(221,408,414,-2)
(223,409,414,-2)
(225,410,414,-2)
(226,411,414,-2)
(228,413,414,-2)
(229,414,414,-2)
(231,415,414,-2)
(233,416,414,-2)
(234,417,414,-2)
(236,418,414,-2)
(237,420,414,-2)
(239,421,414,-2)
(241,422,414,-2)
(242,423,414,-2)
(244,424,414,-2)
(246,426,414,-2)
(247,427,414,-2)
(249,428,414,-2)
(250,429,414,-2)
(252,430,414,-2)
(254,431,414,-2)
(255,433,414,-2)
(257,434,414,-2)
(259,435,414,-2)
(260,436,414,-2)
(262,437,414,-2)
(263,439,414,-2)
(265,440,414,-2)
(267,441,414,-2)
(268,442,414,-2)
(270,443,414,-2)
(271,444,414,-2)
(273,446,414,-2)
(275,447,414,-2)
(276,448,414,-2)
(278,449,414,-2)
(280,450,414,-2)
(281,451,414,-2)
(283,453,414,-2)
(284,454,414,-2)
(286,455,414,-2)
(288,456,414,-2)
(289,457,414,-2)
(291,459,414,-2)
(292,460,414,-2)
(294,461,414,-2)
(296,462,414,-2)
(297,463,414,-2)
(299,464,414,-2)
(301,466,414,-2)
(302,467,414,-2)
(304,468,414,-2)
(305,469,414,-2)
(307,470,414,-2)
(309,472,414,-2)
(310,473,414,-2)
(312,474,414,-2)
(313,475,414,-2)
(315,476,414,-2)
(317,477,414,-2)
(318,479,414,-2)
(320,480,414,-2)
(322,481,414,-2)
(323,482,414,-2)
(325,483,414,-2)
(326,485,414,-2)
(328,486,414,-2)
(330,487,414,-2)
(331,488,414,-2)
(333,489,414,-2)
(334,490,414,-2)
(336,492,414,-2)
(338,493,414,-2)
(339,494,414,-2)
(341,495,414,-2)
(343,496,414,-2)
(344,497,414,-2)
(346,499,414,-2)
(347,500,414,-2)
(349,501,414,-2)
(351,502,414,-2)
(352,503,414,-2)
(354,505,414,-2)
(355,506,414,-2)
(357,507,414,-2)
(359,508,414,-2)
(360,509,414,-2)
(362,510,414,-2)
(364,512,414,-2)
(365,513,414,-2)
(367,514,414,-2)
(368,515,414,-2)
(370,516,414,-2)
(372,518,414,-2)
(373,519,414,-2)
(375,520,414,-2)
(377,521,414,-2)
(378,522,414,-2)
(380,523,414,-2)
(381,525,414,-2)
(383,526,414,-2)
(385,527,414,-2)
(386,528,414,-2)
(388,529,414,-2)
(389,531,414,-2)
(391,532,414,-2)
(393,533,414,-2)
(394,534,414,-2)
(396,535,414,-2)
(398,536,414,-2)
(399,538,414,-2)
(401,539,414,-2)
(402,540,414,-2)
(404,541,414,-2)
(406,542,414,-2)
(407,544,414,-2)
(409,545,414,-2)
(410,546,414,-2)
(412,547,414,-2)
(414,548,414,-2)
(415,549,414,-2)
(417,551,414,-2)
(419,552,414,-2)
(420,553,414,-2)
(422,554,414,-2)
(423,555,414,-2)
(425,556,414,-2)
(427,558,414,-2)
(428,559,414,-2)
(430,560,414,-2)
(431,561,414,-2)
(433,562,414,-2)
(435,564,414,-2)
(436,565,414,-2)
(438,566,414,-2)
(440,567,414,-2)
(441,568,414,-2)
(443,569,414,-2)
(444,571,414,-2)
(446,572,414,-2)
(448,573,414,-2)
(449,574,414,-2)
(451,575,414,-2)
(452,577,414,-2)
(454,578,414,-2)
(456,579,414,-2)
(457,580,414,-2)
(459,581,414,-2)
(461,582,414,-2)
(462,584,414,-2)
(464,585,414,-2)
(465,586,414,-2)
(467,587,414,-2)
(469,588,414,-2)
(470,590,414,-2)
(472,591,414,-2)
(473,592,414,-2)
(475,593,414,-2)
(477,594,414,-2)
(478,595,414,-2)
(480,597,414,-2)
(482,598,414,-2)
(483,599,414,-2)
(485,600,414,-2)
(486,601,414,-2)
(488,603,414,-2)
(490,604,414,-2)
(491,605,414,-2)
(493,606,414,-2)
(494,607,414,-2)
(496,608,414,-2)
(498,610,414,-2)
(499,611,414,-2)
(501,612,414,-2)
(503,613,414,-2)
(504,614,414,-2)
(506,616,414,-2)
(507,617,414,-2)
(509,618,414,-2)
(511,619,414,-2)
(512,620,414,-2)
(514,621,414,-2)
(515,623,414,-2)
(517,624,414,-2)
(519,625,414,-2)
(520,626,414,-2)
(522,627,414,-2)
(524,628,414,-2)
(525,630,414,-2)
(527,631,414,-2)
(528,632,414,-2)
(530,633,414,-2)
(532,634,414,-2)
(533,636,414,-2)
(535,637,414,-2)
(536,638,414,-2)
(538,639,414,-2)
(540,640,414,-2)
(541,641,414,-2)
(543,643,414,-2)
(545,644,414,-2)
(546,645,414,-2)
(548,646,414,-2)
(549,647,414,-2)
(551,649,414,-2)
(553,650,414,-2)
(554,651,414,-2)
(556,652,414,-2)
(558,653,414,-2)
(559,654,414,-2)
(561,656,414,-2)
(562,657,414,-2)
(564,658,414,-2)
(566,659,414,-2)
(567,660,414,-2)
(569,662,414,-2)
(570,663,414,-2)
(572,664,414,-2)
(574,665,414,-2)
(575,666,414,-2)
(577,667,414,-2)
(579,669,414,-2)
(580,670,414,-2)
(582,671,414,-2)
(583,672,414,-2)
(585,673,414,-2)
(587,675,414,-2)
(588,676,414,-2)
(590,677,414,-2)
(591,678,414,-2)
(593,679,414,-2)
(595,680,414,-2)
(596,682,414,-2)
(598,683,414,-2)
(600,684,414,-2)
(601,685,414,-2)
(603,686,414,-2)
(604,687,414,-2)
(606,689,414,-2)
(608,690,414,-2)
(609,691,414,-2)
(611,692,414,-2)
(612,693,414,-2)
(614,694,414,-2)
(616,695,414,-2)
(617,696,414,-2)
(619,697,414,-2)
(621,698,414,-2)
(622,699,414,-2)
(624,701,414,-2)
(625,702,414,-2)
(627,703,414,-2)
(627,704,414,-2)
(629,704,414,-2)
(631,705,414,-2)
(633,706,414,-2)
(635,707,414,-2)
(637,708,414,-2)
(639,709,414,-2)
(641,710,414,-2)
(643,711,414,-2)
(645,712,414,-2)
(647,713,414,-2)
(649,714,414,-2)
(651,715,414,-2)
(653,716,414,-2)
(655,717,414,-2)
(657,718,414,-2)
(659,719,414,-2)
(661,720,414,-2)
(663,721,414,-2)
(665,722,414,-2)
(667,723,414,-2)
(669,724,414,-2)
(671,725,414,-2)
(673,726,414,-2)
(675,727,414,-2)
(677,728,414,-2)
(679,729,414,-2)
(681,730,414,-2)
(683,731,414,-2)
(685,732,414,-2)
(687,733,414,-2)
(689,734,414,-2)
(691,735,414,-2)
(693,736,414,-2)
(695,737,414,-2)
(697,738,414,-2)
(699,739,414,-2)
(701,740,414,-2)
(703,741,414,-2)
(705,742,414,-2)
(707,743,414,-2)
(709,744,414,-2)
(711,745,414,-2)
(713,746,414,-2)
(715,747,414,-2)
(717,748,414,-2)
(719,749,414,-2)
(721,750,414,-2)
(723,751,414,-2)
(725,752,414,-2)
(727,753,414,-2)
(729,754,414,-2)
(731,755,414,-2)
(733,756,414,-2)
(735,757,414,-2)
(737,758,414,-2)
(739,759,414,-2)
(741,760,414,-2)
(743,761,414,-2)
(745,762,414,-2)
(747,763,414,-2)
(749,764,414,-2)
(751,765,414,-2)
(753,766,414,-2)
(755,767,414,-2)
(757,768,414,-2)
(759,769,414,-2)
(761,770,414,-2)
(763,771,414,-2)
(765,772,414,-2)
(767,773,414,-2)
(769,774,414,-2)
(771,775,414,-2)
(773,776,414,-2)
(775,777,414,-2)
(777,778,414,-2)
(779,779,414,-2)
(781,780,414,-2)
(783,781,414,-2)
(785,782,414,-2)
(787,783,414,-2)
(789,784,414,-2)
(791,785,414,-2)
(793,786,414,-2)
(795,787,414,-2)
(797,788,414,-2)
(799,789,414,-2)
(801,790,414,-2)
(803,791,414,-2)
(805,792,414,-2)
(807,793,414,-2)
(809,794,414,-2)
(811,795,414,-2)
(813,796,414,-2)
(815,797,414,-2)
(817,798,414,-2)
(819,799,414,-2)
(821,800,414,-2)
(823,801,414,-2)
(825,802,414,-2)
(827,803,414,-2)
(829,804,414,-2)
