0,1,2,3,4,5,6,7,8,9,10,11,12
(-281,-69,48,-2)
(-277,-65,48,-2)
(-273,-61,48,-2)
(-269,-57,48,-2)
(-265,-53,48,-2)
(-261,-49,48,-2)
(-257,-45,48,-2)
(-253,-41,48,-2)
(-249,-37,48,-2)
(-245,-33,48,-2)
(-241,-29,48,-2)
(-237,-25,48,-2)
(-233,-21,48,-2)
(-229,-17,48,-2)
(-225,-13,48,-2)
(-221,-9,48,-2)
(-217,-5,48,-2)
(-213,-1,48,-2)
(-209,3,48,-2)
(-205,7,48,-2)
(-201,11,48,-2)
(-197,15,48,-2)
(-193,19,48,-2)
(-189,23,48,-2)
(-185,27,48,-2)
(-181,31,48,-2)
(-177,35,48,-2)
(-173,39,48,-2)
(-169,43,48,-2)
(-165,47,48,-2)
(-161,51,48,-2)
(-157,55,48,-2)
(-153,59,48,-2)
(-149,63,48,-2)
(-145,67,48,-2)
(-140,71,48,-2)
(-136,75,49,-2)
(-131,79,49,-2)
(-126,83,49,-2)
(-122,88,49,-2)
(-117,92,49,-2)
(-112,96,49,-2)
(-108,100,49,-2)
(-103,104,49,-2)
(-98,108,49,-2)
(-94,112,49,-2)
(-89,116,49,-2)
(-84,120,50,-2)
(-82,122,50,-2)
(-77,126,50,-2)
(-73,130,50,-2)
(-68,134,50,-2)
(-63,138,50,-2)
(-59,141,51,-2)
(-54,145,51,-2)
(-49,149,52,-2)
(-45,153,52,-2)
(-40,156,53,-2)
(-35,160,53,-2)
(-30,164,54,-2)
(-25,167,55,-2)
(-20,171,56,-2)
(-15,174,56,-2)
(-12,176,58,-2)
(-7,179,59,-2)
(-2,182,59,-2)
(3,185,60,-2)
(8,188,60,-2)
(13,191,60,-2)
(19,194,61,-2)
(24,197,61,-2)
(29,200,61,-2)
(35,203,62,-2)
(40,206,62,-2)
(45,208,63,-2)
(51,211,63,-2)
(56,214,64,-2)
(62,216,64,-2)
(67,219,64,-2)
(68,219,64,-2)
(70,220,64,-2)
(72,221,64,-2)
(73,222,65,-2)
(75,223,65,-2)
(77,224,65,-2)
(79,225,66,-2)
(81,225,66,-2)
(82,226,66,-2)
(84,227,66,-2)
(86,228,67,-2)
(88,229,67,-2)
(90,229,67,-2)
(92,230,67,-2)
(94,231,67,-2)
(95,232,68,-2)
(97,233,68,-2)
(99,233,68,-2)
(101,234,68,-2)
(103,235,68,-2)
(105,236,68,-2)
(107,236,68,-2)
(109,237,69,-2)
(110,238,69,-2)
(112,238,69,-2)
(114,239,69,-2)
(116,240,69,-2)
(118,241,69,-2)
(120,241,69,-2)
(122,242,69,-2)
(124,243,69,-2)
(125,244,69,-2)
(127,244,69,-2)
(129,245,69,-2)
(131,246,69,-2)
(133,246,69,-2)
(135,247,69,-2)
(137,248,69,-2)
(139,248,69,-2)
(140,249,70,-2)
(142,250,70,-2)
(144,251,70,-2)
(146,251,70,-2)
(148,252,70,-2)
(149,252,70,-2)
(151,253,70,-2)
(153,254,70,-2)
(155,254,70,-2)
(156,255,70,-2)
(158,256,70,-2)
(160,257,70,-2)
(162,257,70,-2)
(164,258,70,-2)
(166,259,70,-2)
(168,259,70,-2)
(170,260,71,-2)
(172,261,71,-2)
(174,261,71,-2)
(175,262,71,-2)
(177,263,71,-2)
(179,263,71,-2)
(181,264,71,-2)
(183,265,71,-2)
(185,265,71,-2)
(187,266,71,-2)
(189,266,71,-2)
(191,267,72,-2)
(193,268,72,-2)
(194,268,72,-2)
(196,269,72,-2)
(198,270,72,-2)
(200,270,72,-2)
(202,271,72,-2)
(204,271,72,-2)
(206,272,72,-2)
(208,273,73,-2)
(210,273,73,-2)
(212,274,73,-2)
(214,274,73,-2)
(216,275,73,-2)
(217,276,73,-2)
(219,276,73,-2)
(221,277,74,-2)
(223,277,74,-2)
(225,278,74,-2)
(227,278,74,-2)
(229,279,74,-2)
(230,279,74,-2)
(232,280,74,-2)
(234,280,74,-2)
(236,281,74,-2)
(238,281,74,-2)
(240,282,74,-2)
(242,283,74,-2)
(243,283,74,-2)
(245,284,74,-2)
(247,284,74,-2)
(249,285,74,-2)
(251,285,74,-2)
(253,286,75,-2)
(255,286,75,-2)
(257,287,75,-2)
(259,287,75,-2)
(261,288,75,-2)
(263,288,75,-2)
(265,289,75,-2)
(267,289,75,-2)
(269,290,75,-2)
(270,290,75,-2)
(272,291,75,-2)
(274,292,75,-2)
(276,292,75,-2)
(278,293,75,-2)
(280,293,75,-2)
(282,294,75,-2)
(284,294,75,-2)
(286,295,75,-2)
(288,295,75,-2)
(290,296,75,-2)
(292,296,75,-2)
(294,297,76,-2)
(296,297,76,-2)
(298,298,76,-2)
(300,298,76,-2)
(301,299,76,-2)
(303,299,76,-2)
(305,300,76,-2)
(307,300,76,-2)
(309,301,76,-2)
(311,301,76,-2)
(313,301,76,-2)
(315,302,77,-2)
(317,302,77,-2)
(319,303,77,-2)
(320,303,77,-2)
(322,303,77,-2)
(324,304,78,-2)
(326,304,78,-2)
(328,305,78,-2)
(330,305,78,-2)
(332,306,78,-2)
(334,306,78,-2)
(336,306,78,-2)
(338,307,78,-2)
(340,307,78,-2)
(342,308,78,-2)
(344,308,78,-2)
(346,309,78,-2)
(348,309,78,-2)
(350,309,78,-2)
(352,310,78,-2)
(354,310,78,-2)
(355,311,78,-2)
(357,311,78,-2)
(359,312,78,-2)
(361,312,78,-2)
(363,312,78,-2)
(365,313,78,-2)
(367,313,78,-2)
(369,314,78,-2)
(371,314,78,-2)
(373,314,78,-2)
(375,315,79,-2)
(377,315,79,-2)
(379,316,79,-2)
(381,316,79,-2)
(383,316,79,-2)
(385,317,79,-2)
(387,317,79,-2)
(389,317,79,-2)
(391,318,79,-2)
(393,318,79,-2)
(395,319,80,-2)
(397,319,80,-2)
(399,319,80,-2)
(401,320,80,-2)
(403,320,80,-2)
(405,320,80,-2)
(407,321,81,-2)
(409,321,81,-2)
(410,321,81,-2)
(412,321,81,-2)
(414,322,81,-2)
(416,322,81,-2)
(418,322,81,-2)
(420,323,81,-2)
(422,323,81,-2)
(424,323,81,-2)
(426,324,80,-2)
(428,324,80,-2)
(430,324,80,-2)
(432,325,80,-2)
(434,325,80,-2)
(436,325,80,-2)
(438,326,80,-2)
(440,326,80,-2)
(442,326,80,-2)
(444,327,80,-2)
(446,327,80,-2)
(447,327,80,-2)
(449,328,81,-2)
(451,328,81,-2)
(453,328,81,-2)
(455,329,81,-2)
(457,329,81,-2)
(459,329,81,-2)
(461,330,81,-2)
(463,330,81,-2)
(465,330,81,-2)
(467,331,81,-2)
(469,331,81,-2)
(471,331,81,-2)
(473,332,82,-2)
(475,332,82,-2)
(477,332,82,-2)
(479,332,82,-2)
(481,333,82,-2)
(483,333,82,-2)
(485,333,82,-2)
(487,334,83,-2)
(489,334,83,-2)
(491,334,83,-2)
(492,334,83,-2)
(494,334,83,-2)
(496,335,83,-2)
(498,335,83,-2)
(500,335,83,-2)
(502,335,83,-2)
(504,336,83,-2)
(506,336,83,-2)
(508,336,83,-2)
(510,336,83,-2)
(512,337,83,-2)
(514,337,83,-2)
(516,337,83,-2)
(518,337,83,-2)
(520,338,83,-2)
(522,338,83,-2)
(524,338,83,-2)
(526,338,83,-2)
(528,338,83,-2)
(530,339,84,-2)
(532,339,84,-2)
(534,339,84,-2)
(536,339,84,-2)
(538,340,84,-2)
(540,340,84,-2)
(542,340,84,-2)
(544,340,84,-2)
(546,340,84,-2)
(548,341,84,-2)
(550,341,84,-2)
(552,341,84,-2)
(554,341,84,-2)
(556,341,84,-2)
(558,341,84,-2)
(560,342,85,-2)
(562,342,85,-2)
(564,342,85,-2)
(566,342,85,-2)
(568,342,85,-2)
(570,342,85,-2)
(572,343,86,-2)
(574,343,86,-2)
(576,343,86,-2)
(578,343,86,-2)
(580,343,86,-2)
(581,343,86,-2)
(583,343,86,-2)
(585,343,86,-2)
(587,343,86,-2)
(589,343,86,-2)
(591,343,86,-2)
(593,343,86,-2)
(595,343,86,-2)
(597,343,86,-2)
(599,344,89,-2)
(601,344,89,-2)
(603,344,89,-2)
(605,344,89,-2)
(607,344,89,-2)
(609,344,89,-2)
(611,344,89,-2)
(613,344,89,-2)
(615,344,89,-2)
(617,344,89,-2)
(619,344,89,-2)
(621,344,89,-2)
(623,344,89,-2)
(625,344,89,-2)
(627,344,89,-2)
(629,344,89,-2)
(631,344,89,-2)
(633,344,89,-2)
(635,344,89,-2)
(637,344,89,-2)
(639,344,89,-2)
(641,344,89,-2)
(643,344,89,-2)
(645,344,89,-2)
(647,344,89,-2)
(649,344,89,-2)
(651,344,89,-2)
(653,344,89,-2)
(655,344,89,-2)
(657,344,89,-2)
(659,344,89,-2)
(661,344,89,-2)
(663,344,89,-2)
(665,344,89,-2)
(667,344,89,-2)
(669,344,89,-2)
(670,344,89,-2)
(672,344,89,-2)
(674,344,89,-2)
(676,344,89,-2)
(678,344,89,-2)
(680,344,89,-2)
(682,344,89,-2)
(684,344,89,-2)
(686,344,89,-2)
(688,344,89,-2)
(690,344,89,-2)
(692,344,89,-2)
(694,344,89,-2)
(696,344,89,-2)
(698,344,89,-2)
(700,344,89,-2)
(702,344,89,-2)
(704,344,89,-2)
(706,344,89,-2)
(708,344,89,-2)
(710,344,89,-2)
(712,344,89,-2)
(714,344,89,-2)
(716,344,89,-2)
(718,344,89,-2)
(720,344,89,-2)
(722,344,89,-2)
(724,344,89,-2)
(726,344,89,-2)
(728,344,89,-2)
(730,344,89,-2)
(732,344,89,-2)
(734,344,89,-2)
(736,344,89,-2)
(738,344,89,-2)
(740,344,89,-2)
(742,344,89,-2)
(744,344,89,-2)
(746,344,89,-2)
(748,344,89,-2)
(750,344,89,-2)
(752,344,89,-2)
(753,344,89,-2)
(755,344,89,-2)
(757,344,89,-2)
(759,344,89,-2)
(761,344,89,-2)
(763,343,93,-2)
(765,343,93,-2)
(767,343,93,-2)
(769,343,93,-2)
(771,343,93,-2)
(773,343,93,-2)
(775,343,93,-2)
(777,342,95,-2)
(779,342,95,-2)
(781,342,95,-2)
(783,342,95,-2)
(785,342,95,-2)
(787,342,95,-2)
(789,341,95,-2)
(791,341,95,-2)
(793,341,95,-2)
(795,341,95,-2)
(797,341,95,-2)
(799,341,95,-2)
(801,340,96,-2)
(803,340,96,-2)
(805,340,96,-2)
(807,340,96,-2)
(809,340,96,-2)
(811,339,96,-2)
(813,339,96,-2)
(815,339,96,-2)
(817,339,96,-2)
(819,338,96,-2)
(821,338,96,-2)
(823,338,96,-2)
(825,338,96,-2)
(827,338,96,-2)
(829,337,96,-2)
(831,337,96,-2)
(833,337,96,-2)
(834,337,96,-2)
(836,337,96,-2)
(838,336,97,-2)
(840,336,97,-2)
(842,336,97,-2)
(844,336,97,-2)
(846,335,97,-2)
(848,335,97,-2)
(850,335,97,-2)
(852,335,97,-2)
(854,334,98,-2)
(856,334,98,-2)
(858,334,98,-2)
(860,334,98,-2)
(862,333,98,-2)
(864,333,98,-2)
(866,333,98,-2)
(868,332,98,-2)
(870,332,98,-2)
(872,332,98,-2)
(874,332,98,-2)
(876,331,98,-2)
(878,331,98,-2)
(880,331,98,-2)
(882,330,98,-2)
(884,330,98,-2)
(886,330,98,-2)
(888,330,98,-2)
(890,329,98,-2)
(891,329,98,-2)
(893,329,98,-2)
(895,328,99,-2)
(897,328,99,-2)
(899,328,99,-2)
(901,327,99,-2)
(903,327,99,-2)
(905,327,99,-2)
(907,327,99,-2)
(909,326,99,-2)
(911,326,99,-2)
(913,326,99,-2)
(915,325,99,-2)
(917,325,99,-2)
(919,325,99,-2)
(921,324,98,-2)
(923,324,98,-2)
(925,324,98,-2)
(927,324,98,-2)
(929,323,98,-2)
(931,323,98,-2)
(933,323,98,-2)
(935,322,98,-2)
(937,322,98,-2)
(938,322,98,-2)
(940,322,98,-2)
(942,321,99,-2)
(944,321,99,-2)
(946,321,99,-2)
(948,320,100,-2)
(950,320,100,-2)
(952,320,100,-2)
(954,319,100,-2)
(956,319,100,-2)
(958,319,100,-2)
(960,318,101,-2)
(962,318,101,-2)
(964,318,101,-2)
(966,317,101,-2)
(968,317,101,-2)
(969,316,102,-2)
(971,316,102,-2)
(973,316,102,-2)
(975,315,102,-2)
(977,315,102,-2)
(979,314,103,-2)
(981,314,103,-2)
(983,313,103,-2)
(985,313,103,-2)
(987,312,103,-2)
(989,312,103,-2)
(991,312,103,-2)
(993,311,104,-2)
(995,311,104,-2)
(997,310,104,-2)
(999,310,104,-2)
(1001,309,104,-2)
(1003,309,104,-2)
(1005,308,104,-2)
(1006,308,104,-2)
(1008,307,105,-2)
(1010,307,105,-2)
(1012,306,105,-2)
(1014,306,105,-2)
(1016,305,105,-2)
(1018,305,105,-2)
(1020,304,105,-2)
(1021,304,105,-2)
(1023,303,106,-2)
(1025,303,106,-2)
(1027,302,107,-2)
(1029,301,107,-2)
(1031,301,107,-2)
(1033,300,108,-2)
(1034,300,108,-2)
(1036,299,108,-2)
(1038,298,109,-2)
(1040,298,109,-2)
(1042,297,109,-2)
(1044,296,109,-2)
(1046,296,109,-2)
(1048,295,110,-2)
(1050,294,110,-2)
(1052,294,110,-2)
(1054,293,110,-2)
(1055,292,110,-2)
(1057,292,110,-2)
(1059,291,111,-2)
(1061,290,111,-2)
(1063,289,111,-2)
(1065,289,111,-2)
(1067,288,111,-2)
(1069,287,111,-2)
(1071,286,112,-2)
(1072,286,112,-2)
(1074,285,112,-2)
(1076,284,112,-2)
(1078,283,112,-2)
(1080,283,112,-2)
(1082,282,112,-2)
(1084,281,112,-2)
(1086,280,113,-2)
(1087,280,113,-2)
(1089,279,113,-2)
(1091,278,113,-2)
(1093,277,113,-2)
(1095,276,113,-2)
(1097,276,113,-2)
(1099,275,114,-2)
(1100,274,114,-2)
(1102,273,114,-2)
(1104,272,114,-2)
(1105,272,114,-2)
(1107,271,113,-2)
(1109,270,113,-2)
(1111,270,113,-2)
(1112,269,114,-2)
(1114,268,114,-2)
(1116,267,114,-2)
(1118,266,114,-2)
(1119,266,114,-2)
(1120,265,115,-2)
(1122,264,115,-2)
(1124,263,115,-2)
(1126,262,115,-2)
(1128,261,115,-2)
(1130,261,115,-2)
(1131,260,115,-2)
(1133,259,115,-2)
(1135,258,115,-2)
(1137,257,115,-2)
(1139,256,115,-2)
(1140,255,115,-2)
(1142,255,115,-2)
(1144,254,115,-2)
(1146,253,115,-2)
(1148,252,115,-2)
(1149,251,116,-2)
(1151,250,116,-2)
(1153,249,116,-2)
(1155,249,116,-2)
(1157,248,116,-2)
(1159,247,116,-2)
(1160,246,116,-2)
(1162,245,116,-2)
(1164,244,116,-2)
(1166,243,116,-2)
(1168,242,116,-2)
(1169,242,116,-2)
(1171,241,116,-2)
(1173,240,116,-2)
(1175,239,116,-2)
(1177,238,116,-2)
(1178,237,116,-2)
(1180,236,116,-2)
(1182,235,116,-2)
(1184,235,116,-2)
(1186,234,116,-2)
(1187,233,116,-2)
(1189,232,116,-2)
(1191,231,116,-2)
(1193,230,116,-2)
(1195,229,116,-2)
(1196,228,116,-2)
(1198,227,117,-2)
(1200,227,117,-2)
(1200,226,117,-2)
(1202,225,117,-2)
(1204,224,117,-2)
(1206,223,117,-2)
(1208,222,117,-2)
(1210,221,117,-2)
(1212,220,117,-2)
(1214,219,117,-2)
(1216,218,117,-2)
(1218,217,117,-2)
(1220,216,117,-2)
(1222,215,117,-2)
(1224,214,117,-2)
(1226,213,117,-2)
(1228,212,117,-2)
(1230,211,117,-2)
(1232,210,117,-2)
(1234,209,117,-2)
(1236,208,117,-2)
(1238,207,117,-2)
(1240,206,117,-2)
(1242,205,117,-2)
(1244,204,117,-2)
(1246,203,117,-2)
(1248,202,117,-2)
(1250,201,117,-2)
(1252,200,117,-2)
(1254,199,117,-2)
(1256,198,117,-2)
(1258,197,117,-2)
(1260,196,117,-2)
(1262,195,117,-2)
(1264,194,117,-2)
(1266,193,117,-2)
(1268,192,117,-2)
(1270,191,117,-2)
(1272,190,117,-2)
(1274,189,117,-2)
(1276,188,117,-2)
(1278,187,117,-2)
(1280,186,117,-2)
(1282,185,117,-2)
(1284,184,117,-2)
(1286,183,117,-2)
(1288,182,117,-2)
(1290,181,117,-2)
(1292,180,117,-2)
(1294,179,117,-2)
(1296,178,117,-2)
(1298,177,117,-2)
(1300,176,117,-2)
(1302,175,117,-2)
(1304,174,117,-2)
(1306,173,117,-2)
(1308,172,117,-2)
(1310,171,117,-2)
(1312,170,117,-2)
(1314,169,117,-2)
(1316,168,117,-2)
(1318,167,117,-2)
(1320,166,117,-2)
(1322,165,117,-2)
(1324,164,117,-2)
(1326,163,117,-2)
(1328,162,117,-2)
(1330,161,117,-2)
(1332,160,117,-2)
(1334,159,117,-2)
(1336,158,117,-2)
(1338,157,117,-2)
(1340,156,117,-2)
(1342,155,117,-2)
(1344,154,117,-2)
(1346,153,117,-2)
(1348,152,117,-2)
(1350,151,117,-2)
(1352,150,117,-2)
(1354,149,117,-2)
(1356,148,117,-2)
(1358,147,117,-2)
(1360,146,117,-2)
(1362,145,117,-2)
(1364,144,117,-2)
(1366,143,117,-2)
(1368,142,117,-2)
(1370,141,117,-2)
(1372,140,117,-2)
(1374,139,117,-2)
(1376,138,117,-2)
(1378,137,117,-2)
(1380,136,117,-2)
(1382,135,117,-2)
(1384,134,117,-2)
(1386,133,117,-2)
(1388,132,117,-2)
(1390,131,117,-2)
(1392,130,117,-2)
(1394,129,117,-2)
(1396,128,117,-2)
(1398,127,117,-2)
(1400,126,117,-2)
