5,7,8,9,10,11,12,13,14,15,16
(-19,731,97,-2)
(-13,730,97,-2)
(-7,729,97,-2)
(-1,728,97,-2)
(5,727,97,-2)
(11,726,97,-2)
(17,725,97,-2)
(23,724,97,-2)
(29,723,97,-2)
(35,722,97,-2)
(41,721,97,-2)
(47,720,97,-2)
(53,719,97,-2)
(59,718,97,-2)
(65,717,97,-2)
(71,716,97,-2)
(77,715,97,-2)
(83,714,97,-2)
(89,713,97,-2)
(95,712,97,-2)
(101,711,97,-2)
(107,710,97,-2)
(113,709,97,-2)
(119,708,97,-2)
(125,707,97,-2)
(131,706,97,-2)
(137,705,97,-2)
(143,704,97,-2)
(149,703,97,-2)
(155,702,97,-2)
(161,701,97,-2)
(167,700,97,-2)
(173,699,97,-2)
(179,698,97,-2)
(185,697,97,-2)
(191,696,97,-2)
(197,695,97,-2)
(203,695,97,-2)
(209,694,97,-2)
(215,693,97,-2)
(221,693,97,-2)
(227,692,97,-2)
(233,691,97,-2)
(239,690,97,-2)
(245,690,97,-2)
(251,689,97,-2)
(257,688,97,-2)
(263,687,97,-2)
(269,687,97,-2)
(275,686,98,-2)
(281,685,98,-2)
(287,684,98,-2)
(293,683,98,-2)
(299,683,98,-2)
(305,682,99,-2)
(311,681,99,-2)
(317,680,99,-2)
(323,679,100,-2)
(329,678,100,-2)
(335,677,101,-2)
(338,676,101,-2)
(344,675,103,-2)
(350,673,104,-2)
(356,672,106,-2)
(362,670,107,-2)
(368,668,109,-2)
(374,666,110,-2)
(379,664,111,-2)
(385,662,112,-2)
(391,659,112,-2)
(397,657,113,-2)
(402,655,113,-2)
(408,652,113,-2)
(414,650,112,-2)
(419,647,112,-2)
(425,645,111,-2)
(431,643,111,-2)
(432,643,111,-2)
(434,642,110,-2)
(436,641,110,-2)
(438,641,110,-2)
(439,640,111,-2)
(441,639,111,-2)
(443,638,111,-2)
(445,638,111,-2)
(447,637,111,-2)
(449,636,111,-2)
(451,636,111,-2)
(453,635,111,-2)
(454,634,111,-2)
(456,633,111,-2)
(458,633,111,-2)
(460,632,111,-2)
(462,631,111,-2)
(464,631,111,-2)
(466,630,111,-2)
(468,629,111,-2)
(469,628,111,-2)
(471,628,111,-2)
(473,627,111,-2)
(475,626,111,-2)
(477,625,111,-2)
(479,625,111,-2)
(481,624,112,-2)
(483,623,112,-2)
(484,623,112,-2)
(486,622,112,-2)
(488,621,112,-2)
(490,620,112,-2)
(492,620,112,-2)
(494,619,112,-2)
(496,618,112,-2)
(497,617,112,-2)
(499,617,112,-2)
(501,616,112,-2)
(503,615,112,-2)
(505,614,112,-2)
(507,614,112,-2)
(509,613,112,-2)
(510,612,112,-2)
(512,611,112,-2)
(514,611,112,-2)
(516,610,112,-2)
(518,609,112,-2)
(520,608,112,-2)
(522,608,112,-2)
(523,607,112,-2)
(525,606,112,-2)
(527,605,113,-2)
(529,604,113,-2)
(531,604,113,-2)
(533,603,113,-2)
(535,602,113,-2)
(536,601,113,-2)
(538,601,113,-2)
(540,600,113,-2)
(542,599,113,-2)
(543,599,113,-2)
(545,598,114,-2)
(547,597,114,-2)
(548,596,114,-2)
(550,595,114,-2)
(552,595,114,-2)
(554,594,114,-2)
(556,593,114,-2)
(558,592,114,-2)
(559,591,114,-2)
(561,590,115,-2)
(563,590,115,-2)
(565,589,115,-2)
(567,588,115,-2)
(569,587,115,-2)
(570,586,115,-2)
(572,585,115,-2)
(574,584,115,-2)
(576,584,115,-2)
(578,583,115,-2)
(580,582,115,-2)
(581,581,115,-2)
(583,580,115,-2)
(585,579,115,-2)
(587,578,115,-2)
(589,578,115,-2)
(591,577,116,-2)
(592,576,116,-2)
(594,575,116,-2)
(596,574,116,-2)
(598,573,116,-2)
(600,572,116,-2)
(601,571,116,-2)
(603,571,116,-2)
(605,570,116,-2)
(607,569,116,-2)
(609,568,116,-2)
(611,567,116,-2)
(612,566,116,-2)
(614,565,117,-2)
(616,564,117,-2)
(618,563,117,-2)
(620,562,117,-2)
(621,562,117,-2)
(623,561,117,-2)
(625,560,117,-2)
(627,559,117,-2)
(629,558,117,-2)
(630,557,117,-2)
(632,556,117,-2)
(634,555,118,-2)
(636,554,118,-2)
(637,553,118,-2)
(639,552,118,-2)
(641,551,118,-2)
(643,550,118,-2)
(645,549,118,-2)
(646,548,118,-2)
(648,547,119,-2)
(649,547,119,-2)
(651,546,120,-2)
(652,545,120,-2)
(654,544,120,-2)
(656,543,120,-2)
(658,542,121,-2)
(659,541,121,-2)
(661,540,121,-2)
(663,539,121,-2)
(665,538,121,-2)
(666,537,121,-2)
(668,536,121,-2)
(670,535,121,-2)
(671,534,122,-2)
(673,533,122,-2)
(675,532,122,-2)
(677,530,122,-2)
(678,529,122,-2)
(680,528,122,-2)
(682,527,122,-2)
(683,526,122,-2)
(685,525,122,-2)
(687,524,122,-2)
(689,523,123,-2)
(690,522,123,-2)
(692,521,123,-2)
(694,520,123,-2)
(695,519,123,-2)
(697,518,123,-2)
(699,516,123,-2)
(700,515,123,-2)
(702,514,123,-2)
(704,513,123,-2)
(705,512,123,-2)
(707,511,123,-2)
(709,510,123,-2)
(711,509,123,-2)
(712,508,123,-2)
(714,507,123,-2)
(716,505,123,-2)
(717,504,123,-2)
(719,503,124,-2)
(721,502,124,-2)
(722,501,124,-2)
(724,500,124,-2)
(726,499,124,-2)
(727,498,124,-2)
(729,496,124,-2)
(731,495,124,-2)
(732,494,124,-2)
(734,493,124,-2)
(736,492,124,-2)
(737,491,124,-2)
(739,490,124,-2)
(741,489,124,-2)
(742,488,124,-2)
(744,486,124,-2)
(746,485,124,-2)
(747,484,124,-2)
(749,483,124,-2)
(750,482,124,-2)
(752,481,124,-2)
(753,480,124,-2)
(755,479,123,-2)
(757,478,123,-2)
(758,477,123,-2)
(760,476,123,-2)
(762,475,123,-2)
(763,474,123,-2)
(765,472,123,-2)
(767,471,123,-2)
(768,470,123,-2)
(770,469,123,-2)
(772,468,123,-2)
(773,467,123,-2)
(775,466,123,-2)
(777,465,123,-2)
(779,464,123,-2)
(780,463,123,-2)
(782,462,123,-2)
(784,460,123,-2)
(785,459,123,-2)
(787,458,123,-2)
(789,457,123,-2)
(790,456,124,-2)
(792,455,124,-2)
(794,454,124,-2)
(795,453,124,-2)
(797,452,124,-2)
(799,450,124,-2)
(800,449,125,-2)
(802,448,125,-2)
(804,447,125,-2)
(805,446,125,-2)
(807,445,126,-2)
(809,443,126,-2)
(810,442,126,-2)
(812,441,126,-2)
(813,440,127,-2)
(815,439,127,-2)
(817,437,127,-2)
(818,436,128,-2)
(820,435,128,-2)
(821,434,129,-2)
(823,432,129,-2)
(825,431,130,-2)
(826,430,130,-2)
(828,429,131,-2)
(829,427,131,-2)
(831,426,132,-2)
(832,425,132,-2)
(834,423,133,-2)
(835,422,134,-2)
(837,420,134,-2)
(838,419,134,-2)
(839,418,137,-2)
(840,417,137,-2)
(841,415,138,-2)
(843,414,138,-2)
(844,412,139,-2)
(845,411,139,-2)
(847,409,140,-2)
(848,408,140,-2)
(849,406,141,-2)
(851,405,141,-2)
(852,403,141,-2)
(853,401,142,-2)
(854,400,142,-2)
(856,398,142,-2)
(857,397,142,-2)
(858,395,143,-2)
(859,393,143,-2)
(861,392,143,-2)
(862,390,143,-2)
(863,389,144,-2)
(864,387,144,-2)
(865,385,144,-2)
(866,384,144,-2)
(868,382,144,-2)
(869,380,144,-2)
(870,379,145,-2)
(871,377,145,-2)
(872,376,145,-2)
(874,374,145,-2)
(875,372,145,-2)
(876,371,145,-2)
(877,369,145,-2)
(878,367,145,-2)
(879,366,145,-2)
(880,364,146,-2)
(882,362,146,-2)
(883,361,146,-2)
(884,359,146,-2)
(885,357,146,-2)
(886,356,146,-2)
(887,354,146,-2)
(888,352,146,-2)
(889,351,146,-2)
(891,349,146,-2)
(892,347,146,-2)
(893,346,146,-2)
(894,344,146,-2)
(895,342,146,-2)
(896,341,146,-2)
(897,339,146,-2)
(898,337,146,-2)
(900,336,146,-2)
(901,334,146,-2)
(902,332,146,-2)
(903,331,146,-2)
(904,329,146,-2)
(905,327,146,-2)
(906,326,146,-2)
(907,324,146,-2)
(908,323,146,-2)
(909,321,146,-2)
(910,320,146,-2)
(911,318,146,-2)
(912,316,146,-2)
(914,315,146,-2)
(915,313,146,-2)
(916,311,147,-2)
(917,310,147,-2)
(918,308,147,-2)
(919,306,147,-2)
(920,305,147,-2)
(921,303,147,-2)
(922,301,147,-2)
(923,300,147,-2)
(925,298,147,-2)
(926,296,147,-2)
(927,295,147,-2)
(928,293,147,-2)
(929,291,148,-2)
(930,289,148,-2)
(931,288,148,-2)
(932,286,148,-2)
(933,284,148,-2)
(934,283,148,-2)
(935,281,148,-2)
(936,279,148,-2)
(937,278,148,-2)
(938,276,148,-2)
(939,274,148,-2)
(941,272,148,-2)
(942,271,149,-2)
(943,269,149,-2)
(944,267,149,-2)
(945,266,149,-2)
(946,264,149,-2)
(947,262,149,-2)
(948,261,149,-2)
(949,259,149,-2)
(950,257,149,-2)
(951,255,150,-2)
(952,254,150,-2)
(953,252,150,-2)
(954,250,150,-2)
(955,248,150,-2)
(956,247,150,-2)
(957,245,150,-2)
(958,243,151,-2)
(959,241,151,-2)
(960,240,151,-2)
(961,238,151,-2)
(962,236,151,-2)
(963,234,152,-2)
(964,233,152,-2)
(965,231,152,-2)
(965,230,152,-2)
(966,228,152,-2)
(967,226,152,-2)
(968,225,153,-2)
(969,223,153,-2)
(970,221,154,-2)
(971,219,154,-2)
(971,217,154,-2)
(972,216,155,-2)
(973,214,155,-2)
(974,212,155,-2)
(975,210,156,-2)
(976,208,156,-2)
(976,207,156,-2)
(977,205,157,-2)
(978,203,157,-2)
(979,201,157,-2)
(980,199,157,-2)
(980,197,157,-2)
(981,195,158,-2)
(982,194,158,-2)
(983,192,158,-2)
(983,190,158,-2)
(984,188,159,-2)
(985,186,159,-2)
(986,184,159,-2)
(986,182,159,-2)
(987,180,159,-2)
(988,179,159,-2)
(988,177,159,-2)
(989,175,160,-2)
(990,173,160,-2)
(990,171,160,-2)
(991,169,160,-2)
(992,167,160,-2)
(993,165,160,-2)
(993,164,160,-2)
(994,162,160,-2)
(995,160,160,-2)
(995,158,160,-2)
(996,156,160,-2)
(996,155,160,-2)
(997,153,159,-2)
(998,151,159,-2)
(998,149,159,-2)
(999,148,159,-2)
(1000,146,159,-2)
(1001,144,160,-2)
(1001,142,160,-2)
(1002,140,160,-2)
(1003,138,160,-2)
(1003,136,160,-2)
(1004,134,160,-2)
(1005,132,160,-2)
(1005,131,160,-2)
(1006,129,160,-2)
(1007,127,160,-2)
(1008,125,160,-2)
(1008,123,160,-2)
(1009,121,160,-2)
(1010,119,160,-2)
(1010,117,160,-2)
(1011,115,160,-2)
(1012,114,160,-2)
(1012,112,160,-2)
(1013,110,160,-2)
(1014,108,160,-2)
(1014,106,160,-2)
(1015,104,160,-2)
(1016,102,160,-2)
(1016,100,160,-2)
(1017,98,160,-2)
(1018,97,160,-2)
(1018,95,160,-2)
(1019,93,160,-2)
(1020,91,160,-2)
(1020,89,160,-2)
(1021,87,161,-2)
(1022,85,161,-2)
(1022,83,161,-2)
(1023,81,161,-2)
(1024,80,161,-2)
(1024,78,161,-2)
(1025,76,161,-2)
(1026,74,161,-2)
(1026,72,161,-2)
(1027,70,161,-2)
(1028,68,161,-2)
(1028,66,161,-2)
(1029,64,161,-2)
(1030,62,161,-2)
(1030,61,161,-2)
(1031,59,161,-2)
(1032,57,161,-2)
(1032,55,161,-2)
(1033,53,161,-2)
(1033,52,161,-2)
(1034,50,163,-2)
(1035,48,163,-2)
(1035,46,163,-2)
(1036,44,162,-2)
(1036,42,162,-2)
(1037,41,162,-2)
(1038,39,162,-2)
(1038,37,162,-2)
(1039,35,162,-2)
(1039,33,162,-2)
(1040,31,162,-2)
(1041,29,162,-2)
(1041,27,162,-2)
(1042,25,162,-2)
(1042,23,162,-2)
(1043,21,162,-2)
(1044,19,162,-2)
(1044,17,162,-2)
(1045,16,162,-2)
(1046,14,162,-2)
(1046,12,162,-2)
(1047,10,162,-2)
(1047,8,162,-2)
(1048,6,162,-2)
(1049,4,162,-2)
(1049,2,162,-2)
(1050,0,162,-2)
(1051,-2,162,-2)
(1051,-4,162,-2)
(1052,-5,162,-2)
(1052,-7,162,-2)
(1053,-9,162,-2)
(1054,-11,162,-2)
(1054,-13,162,-2)
(1055,-15,162,-2)
(1056,-17,162,-2)
(1056,-19,162,-2)
(1057,-21,162,-2)
(1057,-23,162,-2)
(1058,-25,162,-2)
(1059,-27,162,-2)
(1059,-28,162,-2)
(1060,-30,162,-2)
(1061,-32,162,-2)
(1061,-34,162,-2)
(1062,-36,162,-2)
(1062,-37,162,-2)
(1063,-39,162,-2)
(1063,-40,162,-2)
(1064,-41,162,-2)
(1065,-43,162,-2)
(1066,-45,162,-2)
(1067,-47,162,-2)
(1068,-49,162,-2)
(1069,-51,162,-2)
(1070,-53,162,-2)
(1071,-55,162,-2)
(1072,-57,162,-2)
(1073,-59,162,-2)
(1074,-61,162,-2)
(1075,-63,162,-2)
(1076,-65,162,-2)
(1077,-67,162,-2)
(1078,-69,162,-2)
(1079,-71,162,-2)
(1080,-73,162,-2)
(1081,-75,162,-2)
(1082,-77,162,-2)
(1083,-79,162,-2)
(1084,-81,162,-2)
(1085,-83,162,-2)
(1086,-85,162,-2)
(1087,-87,162,-2)
(1088,-89,162,-2)
(1089,-91,162,-2)
(1090,-93,162,-2)
(1091,-95,162,-2)
(1092,-97,162,-2)
(1093,-99,162,-2)
(1094,-101,162,-2)
(1095,-103,162,-2)
(1096,-105,162,-2)
(1097,-107,162,-2)
(1098,-109,162,-2)
(1099,-111,162,-2)
(1100,-113,162,-2)
(1101,-115,162,-2)
(1102,-117,162,-2)
(1103,-119,162,-2)
(1104,-121,162,-2)
(1105,-123,162,-2)
(1106,-125,162,-2)
(1107,-127,162,-2)
(1108,-129,162,-2)
(1109,-131,162,-2)
(1110,-133,162,-2)
(1111,-135,162,-2)
(1112,-137,162,-2)
(1113,-139,162,-2)
(1114,-141,162,-2)
(1115,-143,162,-2)
(1116,-145,162,-2)
(1117,-147,162,-2)
(1118,-149,162,-2)
(1119,-151,162,-2)
(1120,-153,162,-2)
(1121,-155,162,-2)
(1122,-157,162,-2)
(1123,-159,162,-2)
(1124,-161,162,-2)
(1125,-163,162,-2)
(1126,-165,162,-2)
(1127,-167,162,-2)
(1128,-169,162,-2)
(1129,-171,162,-2)
(1130,-173,162,-2)
(1131,-175,162,-2)
(1132,-177,162,-2)
(1133,-179,162,-2)
(1134,-181,162,-2)
(1135,-183,162,-2)
(1136,-185,162,-2)
(1137,-187,162,-2)
(1138,-189,162,-2)
(1139,-191,162,-2)
(1140,-193,162,-2)
(1141,-195,162,-2)
(1142,-197,162,-2)
(1143,-199,162,-2)
(1144,-201,162,-2)
(1145,-203,162,-2)
(1146,-205,162,-2)
(1147,-207,162,-2)
(1148,-209,162,-2)
(1149,-211,162,-2)
(1150,-213,162,-2)
(1151,-215,162,-2)
(1152,-217,162,-2)
(1153,-219,162,-2)
(1154,-221,162,-2)
(1155,-223,162,-2)
(1156,-225,162,-2)
(1157,-227,162,-2)
(1158,-229,162,-2)
(1159,-231,162,-2)
(1160,-233,162,-2)
(1161,-235,162,-2)
(1162,-237,162,-2)
(1163,-239,162,-2)
(1164,-241,162,-2)
