21,24
(538,893,180,-2)
(538,892,180,-2)
(538,891,180,-2)
(538,890,180,-2)
(538,889,180,-2)
(538,888,180,-2)
(538,887,180,-2)
(538,886,180,-2)
(538,885,180,-2)
(538,884,180,-2)
(538,883,180,-2)
(538,882,180,-2)
(538,881,180,-2)
(538,880,180,-2)
(538,879,180,-2)
(538,878,180,-2)
(538,877,180,-2)
(538,876,180,-2)
(538,875,180,-2)
(538,874,180,-2)
(538,873,180,-2)
(538,872,180,-2)
(538,871,180,-2)
(538,870,180,-2)
(538,869,180,-2)
(538,868,180,-2)
(538,867,180,-2)
(538,866,180,-2)
(538,865,180,-2)
(538,864,180,-2)
(538,863,180,-2)
(538,862,180,-2)
(538,861,180,-2)
(538,860,180,-2)
(538,859,180,-2)
(538,858,180,-2)
(538,857,180,-2)
(538,856,180,-2)
(538,855,180,-2)
(538,854,180,-2)
(538,853,180,-2)
(538,852,180,-2)
(538,851,180,-2)
(538,850,180,-2)
(538,849,180,-2)
(538,848,180,-2)
(538,847,180,-2)
(538,846,180,-2)
(538,845,180,-2)
(538,844,180,-2)
(538,843,180,-2)
(538,842,180,-2)
(538,841,180,-2)
(538,840,180,-2)
(538,839,180,-2)
(538,838,180,-2)
(538,837,180,-2)
(538,836,180,-2)
(538,835,180,-2)
(538,834,180,-2)
(538,833,180,-2)
(538,832,180,-2)
(538,831,180,-2)
(538,830,180,-2)
(538,829,180,-2)
(538,828,180,-2)
(538,827,180,-2)
(538,826,180,-2)
(538,825,180,-2)
(538,824,180,-2)
(538,823,180,-2)
(538,822,180,-2)
(538,821,180,-2)
(538,820,180,-2)
(538,819,180,-2)
(538,818,180,-2)
(538,817,180,-2)
(538,816,180,-2)
(538,815,180,-2)
(538,814,180,-2)
(538,813,180,-2)
(538,812,180,-2)
(538,811,180,-2)
(538,810,180,-2)
(538,809,180,-2)
(538,808,180,-2)
(538,807,180,-2)
(538,806,180,-2)
(538,805,180,-2)
(538,804,180,-2)
(538,803,180,-2)
(538,802,180,-2)
(538,801,180,-2)
(538,800,180,-2)
(538,799,180,-2)
(538,798,180,-2)
(538,797,180,-2)
(538,796,180,-2)
(538,795,180,-2)
(538,794,180,-2)
(538,793,180,-2)
(538,792,180,-2)
(538,791,180,-2)
(538,790,180,-2)
(538,789,180,-2)
(538,788,180,-2)
(538,787,180,-2)
(538,786,180,-2)
(538,785,180,-2)
(538,784,180,-2)
(538,783,180,-2)
(538,782,180,-2)
(538,781,180,-2)
(538,780,180,-2)
(538,779,180,-2)
(538,778,180,-2)
(538,777,180,-2)
(538,776,180,-2)
(538,775,180,-2)
(538,774,180,-2)
(538,773,180,-2)
(538,772,180,-2)
(538,771,180,-2)
(538,770,180,-2)
(538,769,180,-2)
(538,768,180,-2)
(538,767,180,-2)
(538,766,180,-2)
(538,765,180,-2)
(538,764,180,-2)
(538,763,180,-2)
(538,762,180,-2)
(538,761,180,-2)
(538,760,180,-2)
(538,759,180,-2)
(538,758,180,-2)
(538,757,180,-2)
(538,756,180,-2)
(538,755,180,-2)
(538,754,180,-2)
(538,753,180,-2)
(538,752,180,-2)
(538,751,180,-2)
(538,750,180,-2)
(538,749,180,-2)
(538,747,180,-2)
(538,746,180,-2)
(538,744,180,-2)
(538,743,180,-2)
(538,742,180,-2)
(538,740,180,-2)
(538,739,180,-2)
(538,737,180,-2)
(538,736,180,-2)
(538,735,180,-2)
(538,733,180,-2)
(538,732,180,-2)
(538,730,180,-2)
(538,729,180,-2)
(538,728,180,-2)
(538,726,180,-2)
(538,725,180,-2)
(538,723,180,-2)
(538,722,180,-2)
(538,721,180,-2)
(538,719,180,-2)
(538,718,180,-2)
(538,716,180,-2)
(538,715,180,-2)
(538,714,180,-2)
(538,712,180,-2)
(538,711,180,-2)
(538,709,180,-2)
(538,708,180,-2)
(538,707,180,-2)
(538,705,180,-2)
(538,704,180,-2)
(538,702,180,-2)
(538,701,180,-2)
(538,700,180,-2)
(538,698,180,-2)
(538,697,180,-2)
(538,695,180,-2)
(538,694,180,-2)
(538,693,180,-2)
(538,691,180,-2)
(538,690,180,-2)
(538,688,180,-2)
(538,687,180,-2)
(538,686,180,-2)
(538,684,180,-2)
(538,683,180,-2)
(538,681,180,-2)
(538,680,180,-2)
(538,679,180,-2)
(538,677,180,-2)
(538,676,180,-2)
(538,674,180,-2)
(538,673,180,-2)
(538,672,180,-2)
(538,670,180,-2)
(538,669,180,-2)
(538,667,180,-2)
(538,666,180,-2)
(538,665,180,-2)
(538,663,180,-2)
(538,662,180,-2)
(538,660,180,-2)
(538,659,180,-2)
(538,658,180,-2)
(538,656,180,-2)
(538,655,180,-2)
(538,653,180,-2)
(538,652,180,-2)
(538,651,180,-2)
(538,649,180,-2)
(538,648,180,-2)
(538,646,180,-2)
(538,645,180,-2)
(538,644,180,-2)
(538,642,180,-2)
(538,641,180,-2)
(538,639,180,-2)
(538,638,180,-2)
(538,637,180,-2)
(538,635,180,-2)
(538,634,180,-2)
(538,632,180,-2)
(538,631,180,-2)
(538,630,180,-2)
(538,628,180,-2)
(538,627,180,-2)
(538,625,180,-2)
(538,624,180,-2)
(538,623,180,-2)
(538,621,180,-2)
(538,620,180,-2)
(538,618,180,-2)
(538,617,180,-2)
(538,616,180,-2)
(538,614,180,-2)
(538,613,180,-2)
(538,611,180,-2)
(538,610,180,-2)
(538,609,180,-2)
(538,607,180,-2)
(538,606,180,-2)
(538,604,180,-2)
(538,603,180,-2)
(538,602,180,-2)
(538,600,180,-2)
(538,599,180,-2)
(538,597,180,-2)
(538,596,180,-2)
(538,595,180,-2)
(538,593,180,-2)
(538,592,180,-2)
(538,590,180,-2)
(538,589,180,-2)
(538,588,180,-2)
(538,586,180,-2)
(538,585,180,-2)
(538,583,180,-2)
(538,582,180,-2)
(538,581,180,-2)
(538,579,180,-2)
(538,578,180,-2)
(538,576,180,-2)
(538,575,180,-2)
(538,574,180,-2)
(538,572,180,-2)
(538,571,180,-2)
(538,569,180,-2)
(538,568,180,-2)
(538,567,180,-2)
(538,565,180,-2)
(538,564,180,-2)
(538,562,180,-2)
(538,561,180,-2)
(538,560,180,-2)
(538,558,180,-2)
(538,557,180,-2)
(538,555,180,-2)
(538,554,180,-2)
(538,553,180,-2)
(538,551,180,-2)
(538,550,180,-2)
(538,548,180,-2)
(538,547,180,-2)
(538,546,180,-2)
(538,544,180,-2)
(538,543,180,-2)
(538,541,180,-2)
(538,540,180,-2)
(538,539,180,-2)
(538,537,180,-2)
(538,536,180,-2)
(538,534,180,-2)
(538,533,180,-2)
(538,532,180,-2)
(538,530,180,-2)
(538,529,180,-2)
(538,527,180,-2)
(538,526,180,-2)
(538,525,180,-2)
(538,523,180,-2)
(538,522,180,-2)
(538,520,180,-2)
(538,519,180,-2)
(538,518,180,-2)
(538,516,180,-2)
(538,515,180,-2)
(538,513,180,-2)
(538,512,180,-2)
(538,511,180,-2)
(538,509,180,-2)
(538,508,180,-2)
(538,506,180,-2)
(538,505,180,-2)
(538,504,180,-2)
(538,502,180,-2)
(538,501,180,-2)
(538,499,180,-2)
(538,498,180,-2)
(538,497,180,-2)
(538,495,180,-2)
(538,494,180,-2)
(538,492,180,-2)
(538,491,180,-2)
(538,490,180,-2)
(538,488,180,-2)
(538,487,180,-2)
(538,485,180,-2)
(538,484,180,-2)
(538,483,180,-2)
(538,481,180,-2)
(538,480,180,-2)
(538,478,180,-2)
(538,477,180,-2)
(538,476,180,-2)
(538,474,180,-2)
(538,473,180,-2)
(538,471,180,-2)
(538,470,180,-2)
(538,469,180,-2)
(538,467,180,-2)
(538,466,180,-2)
(538,464,180,-2)
(538,463,180,-2)
(538,462,180,-2)
(538,460,180,-2)
(538,459,180,-2)
(538,457,180,-2)
(538,456,180,-2)
(538,455,180,-2)
(538,453,180,-2)
(538,452,180,-2)
(538,450,180,-2)
(538,449,180,-2)
(538,448,180,-2)
(538,446,180,-2)
(538,445,180,-2)
(538,443,180,-2)
(538,442,180,-2)
(538,441,180,-2)
(538,439,180,-2)
(538,438,180,-2)
(538,436,180,-2)
(538,435,180,-2)
(538,434,180,-2)
(538,432,180,-2)
(538,431,180,-2)
(538,429,180,-2)
(538,428,180,-2)
(538,427,180,-2)
(538,425,180,-2)
(538,424,180,-2)
(538,422,180,-2)
(538,421,180,-2)
(538,419,180,-2)
(538,418,180,-2)
(538,417,180,-2)
(538,415,180,-2)
(538,414,180,-2)
(538,412,180,-2)
(538,411,180,-2)
(538,410,180,-2)
(538,408,180,-2)
(538,407,180,-2)
(538,405,180,-2)
(538,404,180,-2)
(538,403,180,-2)
(538,401,180,-2)
(538,400,180,-2)
(538,398,180,-2)
(538,397,180,-2)
(538,396,180,-2)
(538,394,180,-2)
(538,393,180,-2)
(538,391,180,-2)
(538,390,180,-2)
(538,389,180,-2)
(538,387,180,-2)
(538,386,180,-2)
(538,384,180,-2)
(538,383,180,-2)
(538,382,180,-2)
(538,380,180,-2)
(538,379,180,-2)
(538,377,180,-2)
(538,376,180,-2)
(538,375,180,-2)
(538,373,180,-2)
(538,372,180,-2)
(538,370,180,-2)
(538,369,180,-2)
(538,368,180,-2)
(538,366,180,-2)
(538,365,180,-2)
(538,363,180,-2)
(538,362,180,-2)
(538,361,180,-2)
(538,359,180,-2)
(538,358,180,-2)
(538,356,180,-2)
(538,355,180,-2)
(538,354,180,-2)
(538,352,180,-2)
(538,351,180,-2)
(538,349,180,-2)
(538,348,180,-2)
(538,347,180,-2)
(538,345,180,-2)
(538,344,180,-2)
(538,342,180,-2)
(538,341,180,-2)
(538,340,180,-2)
(538,338,180,-2)
(538,337,180,-2)
(538,335,180,-2)
(538,334,180,-2)
(538,333,180,-2)
(538,331,180,-2)
(538,330,180,-2)
(538,328,180,-2)
(538,327,180,-2)
(538,326,180,-2)
(538,324,180,-2)
(538,323,180,-2)
(538,321,180,-2)
(538,320,180,-2)
(538,319,180,-2)
(538,317,180,-2)
(538,316,180,-2)
(538,314,180,-2)
(538,313,180,-2)
(538,312,180,-2)
(538,310,180,-2)
(538,309,180,-2)
(538,307,180,-2)
(538,306,180,-2)
(538,305,180,-2)
(538,303,180,-2)
(538,302,180,-2)
(538,300,180,-2)
(538,299,180,-2)
(538,298,180,-2)
(538,296,180,-2)
(538,295,180,-2)
(538,293,180,-2)
(538,292,180,-2)
(538,291,180,-2)
(538,289,180,-2)
(538,288,180,-2)
(538,286,180,-2)
(538,285,180,-2)
(538,284,180,-2)
(538,282,180,-2)
(538,281,180,-2)
(538,279,180,-2)
(538,278,180,-2)
(538,277,180,-2)
(538,275,180,-2)
(538,274,180,-2)
(538,272,180,-2)
(538,271,180,-2)
(538,270,180,-2)
(538,268,180,-2)
(538,267,180,-2)
(538,265,180,-2)
(538,264,180,-2)
(538,263,180,-2)
(538,261,180,-2)
(538,260,180,-2)
(538,258,180,-2)
(538,257,180,-2)
(538,256,180,-2)
(538,254,180,-2)
(538,253,180,-2)
(538,251,180,-2)
(538,250,180,-2)
(538,249,180,-2)
(538,247,180,-2)
(538,246,180,-2)
(538,244,180,-2)
(538,243,180,-2)
(538,242,180,-2)
(538,240,180,-2)
(538,239,180,-2)
(538,237,180,-2)
(538,236,180,-2)
(538,235,180,-2)
(538,233,180,-2)
(538,232,180,-2)
(538,230,180,-2)
(538,229,180,-2)
(538,228,180,-2)
(538,226,180,-2)
(538,225,180,-2)
(538,223,180,-2)
(538,222,180,-2)
(538,221,180,-2)
(538,219,180,-2)
(538,218,180,-2)
(538,216,180,-2)
(538,215,180,-2)
(538,214,180,-2)
(538,212,180,-2)
(538,211,180,-2)
(538,209,180,-2)
(538,208,180,-2)
(538,207,180,-2)
(538,205,180,-2)
(538,204,180,-2)
(538,202,180,-2)
(538,201,180,-2)
(538,200,180,-2)
(538,198,180,-2)
(538,197,180,-2)
(538,195,180,-2)
(538,194,180,-2)
(538,193,180,-2)
(538,191,180,-2)
(538,190,180,-2)
(538,188,180,-2)
(538,187,180,-2)
(538,186,180,-2)
(538,184,180,-2)
(538,183,180,-2)
(538,181,180,-2)
(538,180,180,-2)
(538,179,180,-2)
(538,177,180,-2)
(538,176,180,-2)
(538,174,180,-2)
(538,173,180,-2)
(538,172,180,-2)
(538,170,180,-2)
(538,169,180,-2)
(538,167,180,-2)
(538,166,180,-2)
(538,165,180,-2)
(538,163,180,-2)
(538,162,180,-2)
(538,160,180,-2)
(538,159,180,-2)
(538,158,180,-2)
(538,156,180,-2)
(538,155,180,-2)
(538,153,180,-2)
(538,152,180,-2)
(538,151,180,-2)
(538,149,180,-2)
(538,148,180,-2)
(538,146,180,-2)
(538,145,180,-2)
(538,144,180,-2)
(538,142,180,-2)
(538,141,180,-2)
(538,139,180,-2)
(538,138,180,-2)
(538,137,180,-2)
(538,135,180,-2)
(538,134,180,-2)
(538,132,180,-2)
(538,131,180,-2)
(538,130,180,-2)
(538,128,180,-2)
(538,127,180,-2)
(538,125,180,-2)
(538,124,180,-2)
(538,123,180,-2)
(538,121,180,-2)
(538,120,180,-2)
(538,118,180,-2)
(538,117,180,-2)
(538,116,180,-2)
(538,114,180,-2)
(538,113,180,-2)
(538,111,180,-2)
(538,110,180,-2)
(538,109,180,-2)
(538,107,180,-2)
(538,106,180,-2)
(538,104,180,-2)
(538,103,180,-2)
(538,102,180,-2)
(538,100,180,-2)
(538,99,180,-2)
(538,97,180,-2)
(538,96,180,-2)
(538,95,180,-2)
(538,93,180,-2)
(538,92,180,-2)
(538,90,180,-2)
(538,89,180,-2)
(538,88,180,-2)
(538,86,180,-2)
(538,85,180,-2)
(538,83,180,-2)
(538,82,180,-2)
(538,81,180,-2)
(538,79,180,-2)
(538,78,180,-2)
(538,76,180,-2)
(538,75,180,-2)
(538,74,180,-2)
(538,72,180,-2)
(538,71,180,-2)
(538,69,180,-2)
(538,68,180,-2)
(538,67,180,-2)
(538,65,180,-2)
(538,64,180,-2)
(538,62,180,-2)
(538,61,180,-2)
(538,60,180,-2)
(538,58,180,-2)
(538,57,180,-2)
(538,55,180,-2)
(538,54,180,-2)
(538,53,180,-2)
(538,51,180,-2)
(538,50,180,-2)
(538,48,180,-2)
(538,47,180,-2)
(538,46,180,-2)
(538,44,180,-2)
(538,43,180,-2)
(538,41,180,-2)
(538,40,180,-2)
(538,39,180,-2)
(538,37,180,-2)
(538,36,180,-2)
(538,34,180,-2)
(538,33,180,-2)
(538,32,180,-2)
(538,30,180,-2)
(538,29,180,-2)
(538,27,180,-2)
(538,26,180,-2)
(538,25,180,-2)
(538,23,180,-2)
(538,22,180,-2)
(538,20,180,-2)
(538,19,180,-2)
(538,18,180,-2)
(538,16,180,-2)
(538,15,180,-2)
(538,13,180,-2)
(538,12,180,-2)
(538,11,180,-2)
(538,9,180,-2)
(538,8,180,-2)
(538,6,180,-2)
(538,5,180,-2)
(538,4,180,-2)
(538,2,180,-2)
(538,1,180,-2)
(538,0,180,-2)
(538,-1,180,-2)
(538,-2,180,-2)
(538,-4,180,-2)
(538,-5,180,-2)
(538,-7,180,-2)
(538,-8,180,-2)
(538,-9,180,-2)
(538,-11,180,-2)
(538,-12,180,-2)
(538,-14,180,-2)
(538,-15,180,-2)
(538,-16,180,-2)
(538,-18,180,-2)
(538,-19,180,-2)
(538,-21,180,-2)
(538,-22,180,-2)
(538,-23,180,-2)
(538,-25,180,-2)
(538,-26,180,-2)
(538,-28,180,-2)
(538,-29,180,-2)
(538,-30,180,-2)
(538,-32,180,-2)
(538,-33,180,-2)
(538,-35,180,-2)
(538,-36,180,-2)
(538,-37,180,-2)
(538,-39,180,-2)
(538,-40,180,-2)
(538,-42,180,-2)
(538,-43,180,-2)
(538,-44,180,-2)
(538,-46,180,-2)
(538,-47,180,-2)
(538,-49,180,-2)
(538,-50,180,-2)
(538,-51,180,-2)
(538,-53,180,-2)
(538,-54,180,-2)
(538,-56,180,-2)
(538,-57,180,-2)
(538,-58,180,-2)
(538,-60,180,-2)
(538,-61,180,-2)
(538,-63,180,-2)
(538,-64,180,-2)
(538,-65,180,-2)
(538,-67,180,-2)
(538,-68,180,-2)
(538,-70,180,-2)
(538,-71,180,-2)
(538,-72,180,-2)
(538,-74,180,-2)
(538,-75,180,-2)
(538,-77,180,-2)
(538,-78,180,-2)
(538,-79,180,-2)
(538,-81,180,-2)
(538,-82,180,-2)
(538,-84,180,-2)
(538,-85,180,-2)
(538,-86,180,-2)
(538,-88,180,-2)
(538,-89,180,-2)
(538,-91,180,-2)
(538,-92,180,-2)
(538,-93,180,-2)
(538,-95,180,-2)
(538,-96,180,-2)
(538,-98,180,-2)
(538,-99,180,-2)
(538,-100,180,-2)
(538,-100,180,-2)
(538,-101,180,-2)
(538,-102,180,-2)
(538,-103,180,-2)
(538,-104,180,-2)
(538,-105,180,-2)
(538,-106,180,-2)
(538,-107,180,-2)
(538,-108,180,-2)
(538,-109,180,-2)
(538,-110,180,-2)
(538,-111,180,-2)
(538,-112,180,-2)
(538,-113,180,-2)
(538,-114,180,-2)
(538,-115,180,-2)
(538,-116,180,-2)
(538,-117,180,-2)
(538,-118,180,-2)
(538,-119,180,-2)
(538,-120,180,-2)
(538,-121,180,-2)
(538,-122,180,-2)
(538,-123,180,-2)
(538,-124,180,-2)
(538,-125,180,-2)
(538,-126,180,-2)
(538,-127,180,-2)
(538,-128,180,-2)
(538,-129,180,-2)
(538,-130,180,-2)
(538,-131,180,-2)
(538,-132,180,-2)
(538,-133,180,-2)
(538,-134,180,-2)
(538,-135,180,-2)
(538,-136,180,-2)
(538,-137,180,-2)
(538,-138,180,-2)
(538,-139,180,-2)
(538,-140,180,-2)
(538,-141,180,-2)
(538,-142,180,-2)
(538,-143,180,-2)
(538,-144,180,-2)
(538,-145,180,-2)
(538,-146,180,-2)
(538,-147,180,-2)
(538,-148,180,-2)
(538,-149,180,-2)
(538,-150,180,-2)
(538,-151,180,-2)
(538,-152,180,-2)
(538,-153,180,-2)
(538,-154,180,-2)
(538,-155,180,-2)
(538,-156,180,-2)
(538,-157,180,-2)
(538,-158,180,-2)
(538,-159,180,-2)
(538,-160,180,-2)
(538,-161,180,-2)
(538,-162,180,-2)
(538,-163,180,-2)
(538,-164,180,-2)
(538,-165,180,-2)
(538,-166,180,-2)
(538,-167,180,-2)
(538,-168,180,-2)
(538,-169,180,-2)
(538,-170,180,-2)
(538,-171,180,-2)
(538,-172,180,-2)
(538,-173,180,-2)
(538,-174,180,-2)
(538,-175,180,-2)
(538,-176,180,-2)
(538,-177,180,-2)
(538,-178,180,-2)
(538,-179,180,-2)
(538,-180,180,-2)
(538,-181,180,-2)
(538,-182,180,-2)
(538,-183,180,-2)
(538,-184,180,-2)
(538,-185,180,-2)
(538,-186,180,-2)
(538,-187,180,-2)
(538,-188,180,-2)
(538,-189,180,-2)
(538,-190,180,-2)
(538,-191,180,-2)
(538,-192,180,-2)
(538,-193,180,-2)
(538,-194,180,-2)
(538,-195,180,-2)
(538,-196,180,-2)
(538,-197,180,-2)
(538,-198,180,-2)
(538,-199,180,-2)
(538,-200,180,-2)
(538,-201,180,-2)
(538,-202,180,-2)
(538,-203,180,-2)
(538,-204,180,-2)
(538,-205,180,-2)
(538,-206,180,-2)
(538,-207,180,-2)
(538,-208,180,-2)
(538,-209,180,-2)
(538,-210,180,-2)
(538,-211,180,-2)
(538,-212,180,-2)
(538,-213,180,-2)
(538,-214,180,-2)
(538,-215,180,-2)
(538,-216,180,-2)
(538,-217,180,-2)
(538,-218,180,-2)
(538,-219,180,-2)
(538,-220,180,-2)
(538,-221,180,-2)
(538,-222,180,-2)
(538,-223,180,-2)
(538,-224,180,-2)
(538,-225,180,-2)
(538,-226,180,-2)
(538,-227,180,-2)
(538,-228,180,-2)
(538,-229,180,-2)
(538,-230,180,-2)
(538,-231,180,-2)
(538,-232,180,-2)
(538,-233,180,-2)
(538,-234,180,-2)
(538,-235,180,-2)
(538,-236,180,-2)
(538,-237,180,-2)
(538,-238,180,-2)
(538,-239,180,-2)
(538,-240,180,-2)
(538,-241,180,-2)
(538,-242,180,-2)
