5,7,8,9,11,12,13,14,15,16,17
(1371,275,242,-2)
(1369,274,242,-2)
(1367,273,242,-2)
(1365,272,242,-2)
(1363,271,242,-2)
(1361,270,242,-2)
(1359,269,242,-2)
(1357,268,242,-2)
(1355,267,242,-2)
(1353,266,242,-2)
(1351,265,242,-2)
(1349,264,242,-2)
(1347,263,242,-2)
(1345,262,242,-2)
(1343,261,242,-2)
(1341,260,242,-2)
(1339,259,242,-2)
(1337,258,242,-2)
(1335,257,242,-2)
(1333,256,242,-2)
(1331,255,242,-2)
(1329,254,242,-2)
(1327,253,242,-2)
(1325,252,242,-2)
(1323,251,242,-2)
(1321,250,242,-2)
(1319,249,242,-2)
(1317,248,242,-2)
(1315,247,242,-2)
(1313,246,242,-2)
(1311,245,242,-2)
(1309,244,242,-2)
(1307,243,242,-2)
(1305,242,242,-2)
(1303,241,242,-2)
(1301,240,242,-2)
(1299,239,242,-2)
(1297,238,242,-2)
(1295,237,242,-2)
(1293,236,242,-2)
(1291,235,242,-2)
(1289,234,242,-2)
(1287,233,242,-2)
(1285,232,242,-2)
(1283,231,242,-2)
(1281,230,242,-2)
(1279,229,242,-2)
(1277,228,242,-2)
(1275,227,242,-2)
(1273,226,242,-2)
(1271,225,242,-2)
(1269,224,242,-2)
(1267,223,242,-2)
(1265,222,242,-2)
(1263,221,242,-2)
(1261,220,242,-2)
(1259,219,242,-2)
(1257,218,242,-2)
(1255,217,242,-2)
(1253,216,242,-2)
(1251,215,242,-2)
(1249,214,242,-2)
(1247,213,242,-2)
(1245,212,242,-2)
(1243,211,242,-2)
(1241,210,242,-2)
(1239,209,242,-2)
(1237,208,242,-2)
(1235,207,242,-2)
(1233,206,242,-2)
(1231,205,242,-2)
(1229,204,242,-2)
(1227,203,242,-2)
(1225,202,242,-2)
(1223,201,242,-2)
(1221,200,242,-2)
(1219,199,242,-2)
(1217,198,242,-2)
(1215,197,242,-2)
(1213,196,242,-2)
(1211,195,242,-2)
(1209,194,242,-2)
(1207,193,242,-2)
(1205,192,242,-2)
(1203,191,242,-2)
(1201,190,242,-2)
(1199,189,242,-2)
(1197,188,242,-2)
(1195,187,242,-2)
(1193,186,242,-2)
(1191,185,242,-2)
(1189,184,242,-2)
(1187,183,242,-2)
(1185,182,242,-2)
(1183,181,242,-2)
(1181,180,242,-2)
(1179,179,242,-2)
(1177,178,242,-2)
(1175,177,242,-2)
(1173,176,242,-2)
(1171,175,242,-2)
(1169,174,242,-2)
(1167,173,242,-2)
(1165,172,241,-2)
(1164,171,241,-2)
(1162,170,241,-2)
(1160,169,240,-2)
(1158,168,240,-2)
(1157,167,240,-2)
(1155,166,240,-2)
(1153,165,240,-2)
(1151,164,240,-2)
(1150,163,240,-2)
(1148,162,240,-2)
(1146,161,240,-2)
(1145,160,240,-2)
(1143,159,240,-2)
(1141,158,240,-2)
(1139,157,240,-2)
(1138,156,240,-2)
(1136,155,240,-2)
(1134,154,240,-2)
(1132,153,240,-2)
(1131,152,240,-2)
(1129,151,240,-2)
(1127,150,240,-2)
(1125,149,240,-2)
(1124,148,240,-2)
(1122,147,240,-2)
(1120,146,240,-2)
(1118,145,240,-2)
(1117,144,240,-2)
(1115,143,240,-2)
(1113,142,240,-2)
(1112,141,240,-2)
(1110,140,240,-2)
(1108,139,240,-2)
(1106,138,240,-2)
(1105,137,240,-2)
(1103,136,240,-2)
(1101,135,240,-2)
(1099,134,240,-2)
(1098,133,240,-2)
(1096,132,240,-2)
(1094,131,240,-2)
(1092,130,240,-2)
(1091,129,240,-2)
(1089,128,240,-2)
(1087,127,241,-2)
(1085,126,241,-2)
(1084,125,241,-2)
(1082,124,241,-2)
(1080,123,241,-2)
(1078,122,241,-2)
(1077,121,241,-2)
(1075,120,241,-2)
(1073,119,241,-2)
(1071,118,241,-2)
(1070,117,241,-2)
(1068,116,241,-2)
(1066,115,242,-2)
(1064,114,242,-2)
(1062,113,242,-2)
(1061,112,242,-2)
(1059,111,242,-2)
(1057,110,242,-2)
(1055,110,242,-2)
(1054,109,243,-2)
(1052,108,243,-2)
(1050,107,243,-2)
(1048,106,244,-2)
(1046,105,244,-2)
(1045,104,244,-2)
(1043,103,245,-2)
(1041,102,245,-2)
(1040,102,245,-2)
(1038,101,247,-2)
(1036,100,248,-2)
(1034,100,248,-2)
(1033,99,249,-2)
(1031,98,249,-2)
(1029,98,249,-2)
(1027,97,250,-2)
(1025,96,250,-2)
(1023,95,251,-2)
(1021,95,251,-2)
(1019,94,251,-2)
(1017,94,251,-2)
(1016,93,252,-2)
(1014,92,253,-2)
(1012,92,253,-2)
(1010,91,253,-2)
(1008,91,253,-2)
(1006,90,254,-2)
(1004,89,254,-2)
(1002,89,254,-2)
(1000,88,255,-2)
(998,88,255,-2)
(996,87,256,-2)
(994,87,256,-2)
(992,86,256,-2)
(990,86,256,-2)
(988,86,256,-2)
(986,85,257,-2)
(984,85,257,-2)
(982,84,258,-2)
(981,84,258,-2)
(979,83,258,-2)
(977,83,258,-2)
(975,83,258,-2)
(973,82,259,-2)
(971,82,259,-2)
(969,81,259,-2)
(967,81,259,-2)
(965,81,259,-2)
(963,80,259,-2)
(961,80,259,-2)
(959,80,259,-2)
(957,79,260,-2)
(955,79,260,-2)
(953,78,260,-2)
(951,78,260,-2)
(949,78,260,-2)
(947,77,260,-2)
(945,77,260,-2)
(944,77,260,-2)
(942,76,260,-2)
(940,76,260,-2)
(938,76,260,-2)
(936,75,260,-2)
(934,75,260,-2)
(932,75,260,-2)
(930,74,260,-2)
(928,74,260,-2)
(926,74,260,-2)
(924,73,261,-2)
(922,73,261,-2)
(920,73,261,-2)
(918,72,261,-2)
(916,72,261,-2)
(914,72,261,-2)
(912,71,261,-2)
(910,71,261,-2)
(908,71,261,-2)
(906,71,261,-2)
(904,70,261,-2)
(902,70,261,-2)
(900,70,261,-2)
(899,69,261,-2)
(897,69,261,-2)
(895,69,261,-2)
(893,68,261,-2)
(891,68,261,-2)
(889,68,261,-2)
(887,68,261,-2)
(885,67,262,-2)
(883,67,262,-2)
(881,67,262,-2)
(879,66,262,-2)
(877,66,262,-2)
(875,66,262,-2)
(873,66,262,-2)
(871,65,262,-2)
(869,65,262,-2)
(867,65,262,-2)
(865,64,262,-2)
(863,64,262,-2)
(861,64,262,-2)
(859,64,262,-2)
(857,63,262,-2)
(855,63,262,-2)
(853,63,262,-2)
(851,63,262,-2)
(849,62,263,-2)
(847,62,263,-2)
(845,62,263,-2)
(843,62,263,-2)
(841,61,263,-2)
(839,61,263,-2)
(837,61,263,-2)
(835,61,263,-2)
(833,60,264,-2)
(831,60,264,-2)
(829,60,264,-2)
(827,60,264,-2)
(825,60,264,-2)
(823,59,264,-2)
(821,59,264,-2)
(819,59,264,-2)
(818,59,264,-2)
(816,59,264,-2)
(814,59,264,-2)
(812,58,266,-2)
(810,58,266,-2)
(808,58,266,-2)
(806,58,266,-2)
(804,58,266,-2)
(802,58,266,-2)
(800,58,266,-2)
(798,58,266,-2)
(796,58,266,-2)
(794,58,266,-2)
(792,58,266,-2)
(790,58,266,-2)
(788,58,266,-2)
(786,58,266,-2)
(784,58,266,-2)
(782,58,266,-2)
(780,58,266,-2)
(778,58,266,-2)
(776,58,266,-2)
(774,58,266,-2)
(772,58,266,-2)
(770,58,266,-2)
(768,58,266,-2)
(766,58,266,-2)
(764,58,266,-2)
(762,58,266,-2)
(760,58,266,-2)
(758,58,266,-2)
(756,58,266,-2)
(754,58,266,-2)
(752,58,266,-2)
(750,58,266,-2)
(748,58,266,-2)
(746,58,266,-2)
(744,58,266,-2)
(742,58,266,-2)
(740,58,266,-2)
(738,58,266,-2)
(736,58,266,-2)
(734,58,266,-2)
(732,58,266,-2)
(730,58,266,-2)
(728,58,266,-2)
(726,58,266,-2)
(725,58,266,-2)
(723,58,266,-2)
(721,58,266,-2)
(719,58,266,-2)
(717,58,266,-2)
(715,58,266,-2)
(713,58,266,-2)
(711,58,266,-2)
(709,58,266,-2)
(707,58,266,-2)
(705,57,268,-2)
(703,57,268,-2)
(701,57,268,-2)
(699,57,268,-2)
(697,57,268,-2)
(695,57,268,-2)
(693,57,268,-2)
(691,57,268,-2)
(689,57,268,-2)
(687,57,268,-2)
(685,56,267,-2)
(683,56,267,-2)
(681,56,267,-2)
(679,56,267,-2)
(677,56,267,-2)
(675,56,267,-2)
(673,56,267,-2)
(671,56,267,-2)
(669,55,267,-2)
(667,55,267,-2)
(665,55,267,-2)
(663,55,267,-2)
(661,55,267,-2)
(659,55,267,-2)
(657,55,267,-2)
(655,55,267,-2)
(653,55,267,-2)
(651,54,267,-2)
(649,54,267,-2)
(647,54,267,-2)
(645,54,267,-2)
(643,54,267,-2)
(641,54,267,-2)
(639,54,267,-2)
(637,54,267,-2)
(635,54,267,-2)
(633,54,267,-2)
(631,53,268,-2)
(629,53,268,-2)
(627,53,268,-2)
(625,53,268,-2)
(623,53,268,-2)
(621,53,268,-2)
(619,53,268,-2)
(617,53,268,-2)
(615,53,268,-2)
(613,53,268,-2)
(611,53,268,-2)
(609,53,268,-2)
(608,53,268,-2)
(606,53,268,-2)
(604,53,268,-2)
(602,53,268,-2)
(600,53,268,-2)
(598,53,268,-2)
(596,53,268,-2)
(594,53,268,-2)
(592,53,268,-2)
(590,53,268,-2)
(588,53,268,-2)
(586,53,268,-2)
(584,53,268,-2)
(582,53,268,-2)
(580,53,268,-2)
(578,53,268,-2)
(576,53,268,-2)
(574,53,268,-2)
(572,53,268,-2)
(570,53,268,-2)
(568,53,268,-2)
(566,53,268,-2)
(564,53,268,-2)
(562,53,268,-2)
(560,53,268,-2)
(558,53,268,-2)
(556,53,268,-2)
(554,53,268,-2)
(552,53,268,-2)
(550,53,268,-2)
(547,53,268,-2)
(545,53,268,-2)
(543,53,268,-2)
(541,53,268,-2)
(539,53,268,-2)
(537,53,268,-2)
(535,53,268,-2)
(533,53,268,-2)
(531,53,268,-2)
(529,53,268,-2)
(527,53,268,-2)
(525,53,268,-2)
(523,53,268,-2)
(521,53,268,-2)
(519,53,268,-2)
(517,53,268,-2)
(515,53,268,-2)
(513,53,268,-2)
(511,53,268,-2)
(509,53,268,-2)
(507,53,268,-2)
(505,53,268,-2)
(503,53,268,-2)
(501,53,268,-2)
(499,53,268,-2)
(497,53,268,-2)
(495,53,268,-2)
(493,53,268,-2)
(491,53,268,-2)
(489,53,268,-2)
(487,53,268,-2)
(486,53,268,-2)
(484,53,268,-2)
(482,53,268,-2)
(480,53,268,-2)
(478,53,268,-2)
(476,53,268,-2)
(474,53,268,-2)
(472,53,268,-2)
(470,53,268,-2)
(468,53,268,-2)
(466,53,268,-2)
(464,53,268,-2)
(462,53,268,-2)
(460,53,268,-2)
(458,53,268,-2)
(456,53,268,-2)
(454,53,268,-2)
(452,53,268,-2)
(450,53,268,-2)
(448,53,268,-2)
(446,53,268,-2)
(444,52,269,-2)
(442,52,269,-2)
(440,52,269,-2)
(438,52,269,-2)
(436,52,269,-2)
(434,52,269,-2)
(432,52,269,-2)
(430,52,269,-2)
(428,52,269,-2)
(426,52,269,-2)
(424,52,269,-2)
(422,52,269,-2)
(420,52,269,-2)
(418,52,269,-2)
(416,52,269,-2)
(414,52,269,-2)
(412,52,269,-2)
(410,52,269,-2)
(408,52,269,-2)
(406,52,269,-2)
(404,52,269,-2)
(403,52,269,-2)
(401,52,269,-2)
(399,52,269,-2)
(397,52,269,-2)
(395,52,269,-2)
(393,52,269,-2)
(391,52,269,-2)
(389,52,269,-2)
(387,52,269,-2)
(385,52,269,-2)
(383,52,269,-2)
(381,52,269,-2)
(379,52,269,-2)
(377,52,269,-2)
(375,52,269,-2)
(373,52,269,-2)
(371,52,269,-2)
(369,52,269,-2)
(367,52,269,-2)
(365,52,269,-2)
(363,52,269,-2)
(361,52,269,-2)
(359,52,269,-2)
(357,52,269,-2)
(355,52,269,-2)
(353,52,269,-2)
(351,52,269,-2)
(349,52,269,-2)
(347,52,269,-2)
(345,52,269,-2)
(343,52,269,-2)
(341,52,269,-2)
(339,52,269,-2)
(337,52,269,-2)
(335,52,269,-2)
(333,52,269,-2)
(331,52,269,-2)
(329,52,269,-2)
(327,52,269,-2)
(325,52,269,-2)
(323,52,269,-2)
(321,52,269,-2)
(319,52,269,-2)
(317,52,269,-2)
(315,52,269,-2)
(313,52,269,-2)
(311,52,269,-2)
(309,52,269,-2)
(307,52,269,-2)
(305,52,269,-2)
(303,52,269,-2)
(301,53,271,-2)
(299,53,271,-2)
(297,53,271,-2)
(295,53,271,-2)
(293,53,271,-2)
(291,53,271,-2)
(289,53,271,-2)
(287,53,271,-2)
(285,53,271,-2)
(283,53,271,-2)
(281,53,271,-2)
(279,53,271,-2)
(277,53,271,-2)
(276,53,271,-2)
(274,53,271,-2)
(272,53,271,-2)
(270,53,271,-2)
(268,54,274,-2)
(266,54,274,-2)
(264,54,274,-2)
(262,54,274,-2)
(260,54,274,-2)
(258,54,274,-2)
(256,54,274,-2)
(254,55,275,-2)
(252,55,275,-2)
(250,55,275,-2)
(248,55,275,-2)
(246,55,275,-2)
(244,55,275,-2)
(242,56,275,-2)
(240,56,275,-2)
(238,56,275,-2)
(236,56,275,-2)
(234,56,275,-2)
(232,57,276,-2)
(230,57,276,-2)
(228,57,276,-2)
(226,57,276,-2)
(224,57,276,-2)
(222,58,276,-2)
(220,58,276,-2)
(218,58,276,-2)
(216,58,276,-2)
(214,58,276,-2)
(212,59,276,-2)
(210,59,276,-2)
(208,59,276,-2)
(206,59,276,-2)
(204,60,277,-2)
(202,60,277,-2)
(200,60,277,-2)
(198,60,277,-2)
(196,61,277,-2)
(194,61,277,-2)
(192,61,277,-2)
(190,61,277,-2)
(188,62,277,-2)
(186,62,277,-2)
(184,62,277,-2)
(182,62,277,-2)
(180,63,278,-2)
(178,63,278,-2)
(176,63,278,-2)
(174,63,278,-2)
(172,64,278,-2)
(170,64,278,-2)
(168,64,278,-2)
(166,65,279,-2)
(164,65,279,-2)
(162,65,279,-2)
(160,66,279,-2)
(158,66,279,-2)
(157,66,279,-2)
(155,66,279,-2)
(153,67,283,-2)
(151,67,283,-2)
(149,68,284,-2)
(147,68,284,-2)
(145,69,284,-2)
(143,69,284,-2)
(141,70,285,-2)
(139,70,285,-2)
(137,71,286,-2)
(136,71,286,-2)
(134,72,287,-2)
(132,73,287,-2)
(130,73,287,-2)
(128,74,288,-2)
(126,74,288,-2)
(124,75,288,-2)
(122,76,288,-2)
(120,76,288,-2)
(118,77,289,-2)
(116,78,289,-2)
(114,78,289,-2)
(112,79,289,-2)
(111,80,289,-2)
(109,80,289,-2)
(107,81,289,-2)
(105,82,289,-2)
(103,82,289,-2)
(101,83,289,-2)
(99,83,289,-2)
(97,84,289,-2)
(95,85,289,-2)
(93,85,289,-2)
(92,86,288,-2)
(90,87,288,-2)
(88,87,288,-2)
(86,88,288,-2)
(84,89,287,-2)
(82,89,287,-2)
(80,90,286,-2)
(79,90,286,-2)
(77,91,287,-2)
(75,91,287,-2)
(73,92,288,-2)
(71,92,288,-2)
(69,93,288,-2)
(68,94,288,-2)
(66,94,288,-2)
(64,95,289,-2)
(62,96,289,-2)
(60,96,289,-2)
(58,97,289,-2)
(56,98,289,-2)
(54,98,289,-2)
(52,99,290,-2)
(51,100,290,-2)
(49,100,290,-2)
(47,101,290,-2)
(45,102,290,-2)
(43,102,290,-2)
(41,103,290,-2)
(39,104,290,-2)
(37,104,290,-2)
(35,105,291,-2)
(34,106,291,-2)
(32,107,291,-2)
(30,107,291,-2)
(28,108,291,-2)
(26,109,291,-2)
(24,109,291,-2)
(22,110,291,-2)
(21,111,291,-2)
(19,112,291,-2)
(17,112,291,-2)
(15,113,291,-2)
(13,114,291,-2)
(11,115,292,-2)
(9,115,292,-2)
(7,116,292,-2)
(6,117,292,-2)
(4,118,292,-2)
(2,118,292,-2)
(0,119,292,-2)
(-1,120,292,-2)
(-3,120,292,-2)
(-5,121,292,-2)
(-6,122,292,-2)
(-8,123,292,-2)
(-10,124,292,-2)
(-12,124,292,-2)
(-14,125,293,-2)
(-16,126,293,-2)
(-18,127,293,-2)
(-19,127,293,-2)
(-21,128,293,-2)
(-23,129,293,-2)
(-25,130,293,-2)
(-27,130,293,-2)
(-29,131,293,-2)
(-30,132,293,-2)
(-32,133,293,-2)
(-34,134,293,-2)
(-36,134,293,-2)
(-38,135,293,-2)
(-40,136,293,-2)
(-41,137,293,-2)
(-43,138,293,-2)
(-45,138,293,-2)
(-47,139,293,-2)
(-49,140,293,-2)
(-51,141,293,-2)
(-52,141,293,-2)
(-54,142,293,-2)
(-56,143,293,-2)
(-58,144,293,-2)
(-60,145,293,-2)
(-62,145,293,-2)
(-63,146,294,-2)
(-65,147,294,-2)
(-67,148,294,-2)
(-69,149,294,-2)
(-71,149,294,-2)
(-73,150,294,-2)
(-74,151,294,-2)
(-76,152,294,-2)
(-78,153,294,-2)
(-80,153,294,-2)
(-82,154,294,-2)
(-84,155,294,-2)
(-85,156,294,-2)
(-87,157,294,-2)
(-89,158,295,-2)
(-91,158,295,-2)
(-91,159,295,-2)
(-93,160,295,-2)
(-95,161,295,-2)
(-97,162,295,-2)
(-99,163,295,-2)
(-101,164,295,-2)
(-103,165,295,-2)
(-105,166,295,-2)
(-107,167,295,-2)
(-109,168,295,-2)
(-111,169,295,-2)
(-113,170,295,-2)
(-115,171,295,-2)
(-117,172,295,-2)
(-119,173,295,-2)
(-121,174,295,-2)
(-123,175,295,-2)
(-125,176,295,-2)
(-127,177,295,-2)
(-129,178,295,-2)
(-131,179,295,-2)
(-133,180,295,-2)
(-135,181,295,-2)
(-137,182,295,-2)
(-139,183,295,-2)
(-141,184,295,-2)
(-143,185,295,-2)
(-145,186,295,-2)
(-147,187,295,-2)
(-149,188,295,-2)
(-151,189,295,-2)
(-153,190,295,-2)
(-155,191,295,-2)
(-157,192,295,-2)
(-159,193,295,-2)
(-161,194,295,-2)
(-163,195,295,-2)
(-165,196,295,-2)
(-167,197,295,-2)
(-169,198,295,-2)
(-171,199,295,-2)
(-173,200,295,-2)
(-175,201,295,-2)
(-177,202,295,-2)
(-179,203,295,-2)
(-181,204,295,-2)
(-183,205,295,-2)
(-185,206,295,-2)
(-187,207,295,-2)
(-189,208,295,-2)
(-191,209,295,-2)
(-193,210,295,-2)
(-195,211,295,-2)
(-197,212,295,-2)
(-199,213,295,-2)
(-201,214,295,-2)
(-203,215,295,-2)
(-205,216,295,-2)
(-207,217,295,-2)
(-209,218,295,-2)
(-211,219,295,-2)
(-213,220,295,-2)
(-215,221,295,-2)
(-217,222,295,-2)
(-219,223,295,-2)
(-221,224,295,-2)
(-223,225,295,-2)
(-225,226,295,-2)
(-227,227,295,-2)
(-229,228,295,-2)
(-231,229,295,-2)
(-233,230,295,-2)
(-235,231,295,-2)
(-237,232,295,-2)
(-239,233,295,-2)
(-241,234,295,-2)
(-243,235,295,-2)
(-245,236,295,-2)
(-247,237,295,-2)
(-249,238,295,-2)
(-251,239,295,-2)
(-253,240,295,-2)
(-255,241,295,-2)
(-257,242,295,-2)
(-259,243,295,-2)
(-261,244,295,-2)
(-263,245,295,-2)
(-265,246,295,-2)
(-267,247,295,-2)
(-269,248,295,-2)
(-271,249,295,-2)
(-273,250,295,-2)
(-275,251,295,-2)
(-277,252,295,-2)
(-279,253,295,-2)
(-281,254,295,-2)
(-283,255,295,-2)
(-285,256,295,-2)
(-287,257,295,-2)
(-289,258,295,-2)
(-291,259,295,-2)
