5,7,8,9,10,11,12,13,14,15,16
(1402,-33,301,-2)
(1400,-32,301,-2)
(1398,-31,301,-2)
(1396,-30,301,-2)
(1394,-29,301,-2)
(1392,-28,301,-2)
(1390,-27,301,-2)
(1388,-26,301,-2)
(1386,-25,301,-2)
(1384,-24,301,-2)
(1382,-23,301,-2)
(1380,-22,301,-2)
(1378,-21,301,-2)
(1376,-20,301,-2)
(1374,-19,301,-2)
(1372,-18,301,-2)
(1370,-17,301,-2)
(1368,-16,301,-2)
(1366,-15,301,-2)
(1364,-14,301,-2)
(1362,-13,301,-2)
(1360,-12,301,-2)
(1358,-11,301,-2)
(1356,-10,301,-2)
(1354,-9,301,-2)
(1352,-8,301,-2)
(1350,-7,301,-2)
(1348,-6,301,-2)
(1346,-5,301,-2)
(1344,-4,301,-2)
(1342,-3,301,-2)
(1340,-2,301,-2)
(1338,-1,301,-2)
(1336,0,301,-2)
(1334,1,301,-2)
(1332,2,301,-2)
(1330,3,301,-2)
(1328,4,301,-2)
(1326,5,301,-2)
(1324,6,301,-2)
(1322,7,301,-2)
(1320,8,301,-2)
(1318,9,301,-2)
(1316,10,301,-2)
(1314,11,301,-2)
(1312,12,301,-2)
(1310,13,301,-2)
(1308,14,301,-2)
(1306,15,301,-2)
(1304,16,301,-2)
(1302,17,301,-2)
(1300,18,301,-2)
(1298,19,301,-2)
(1296,20,301,-2)
(1294,21,301,-2)
(1292,22,301,-2)
(1290,23,301,-2)
(1288,24,301,-2)
(1286,25,301,-2)
(1284,26,301,-2)
(1282,27,301,-2)
(1280,28,301,-2)
(1278,29,301,-2)
(1276,30,301,-2)
(1274,31,301,-2)
(1272,32,301,-2)
(1270,33,301,-2)
(1268,34,301,-2)
(1266,35,301,-2)
(1264,36,301,-2)
(1262,37,301,-2)
(1260,38,301,-2)
(1258,39,301,-2)
(1256,40,301,-2)
(1254,41,301,-2)
(1252,42,301,-2)
(1250,43,301,-2)
(1248,44,301,-2)
(1246,45,301,-2)
(1244,46,301,-2)
(1242,47,301,-2)
(1240,48,301,-2)
(1238,49,301,-2)
(1236,50,301,-2)
(1234,51,301,-2)
(1232,52,301,-2)
(1230,53,301,-2)
(1228,54,301,-2)
(1226,55,301,-2)
(1224,56,301,-2)
(1222,57,301,-2)
(1220,58,301,-2)
(1218,59,301,-2)
(1216,60,301,-2)
(1214,61,301,-2)
(1212,62,301,-2)
(1210,63,301,-2)
(1208,64,301,-2)
(1206,65,301,-2)
(1204,66,301,-2)
(1202,67,301,-2)
(1200,68,301,-2)
(1198,69,301,-2)
(1197,70,301,-2)
(1195,71,301,-2)
(1193,72,301,-2)
(1191,73,301,-2)
(1190,74,301,-2)
(1188,75,301,-2)
(1186,76,301,-2)
(1184,77,300,-2)
(1183,78,300,-2)
(1181,79,300,-2)
(1179,80,300,-2)
(1178,81,300,-2)
(1176,82,300,-2)
(1174,83,300,-2)
(1172,84,300,-2)
(1171,85,300,-2)
(1169,86,300,-2)
(1167,87,300,-2)
(1165,88,300,-2)
(1164,89,299,-2)
(1162,90,299,-2)
(1160,91,299,-2)
(1158,92,299,-2)
(1157,93,299,-2)
(1155,94,299,-2)
(1153,95,299,-2)
(1151,96,299,-2)
(1150,97,298,-2)
(1148,98,298,-2)
(1146,99,298,-2)
(1144,100,298,-2)
(1142,101,298,-2)
(1141,102,297,-2)
(1139,103,297,-2)
(1137,104,297,-2)
(1135,105,296,-2)
(1133,105,296,-2)
(1132,106,296,-2)
(1130,107,295,-2)
(1128,108,295,-2)
(1127,108,295,-2)
(1125,109,294,-2)
(1123,110,294,-2)
(1122,111,293,-2)
(1120,112,293,-2)
(1118,112,293,-2)
(1116,113,293,-2)
(1114,114,292,-2)
(1112,115,292,-2)
(1110,115,292,-2)
(1109,116,292,-2)
(1107,117,292,-2)
(1105,118,292,-2)
(1103,118,292,-2)
(1101,119,291,-2)
(1099,120,291,-2)
(1097,121,291,-2)
(1095,121,291,-2)
(1094,122,291,-2)
(1092,123,291,-2)
(1090,124,291,-2)
(1088,124,291,-2)
(1086,125,290,-2)
(1084,126,290,-2)
(1082,126,290,-2)
(1080,127,290,-2)
(1079,128,290,-2)
(1077,128,290,-2)
(1075,129,290,-2)
(1073,130,290,-2)
(1071,130,290,-2)
(1069,131,290,-2)
(1067,132,290,-2)
(1065,133,290,-2)
(1063,133,290,-2)
(1062,134,290,-2)
(1060,135,290,-2)
(1058,135,290,-2)
(1056,136,290,-2)
(1054,137,290,-2)
(1053,137,290,-2)
(1051,138,290,-2)
(1049,138,290,-2)
(1047,139,290,-2)
(1045,140,290,-2)
(1044,140,290,-2)
(1042,141,290,-2)
(1040,142,290,-2)
(1038,143,290,-2)
(1036,143,290,-2)
(1034,144,290,-2)
(1032,145,290,-2)
(1030,145,290,-2)
(1028,146,290,-2)
(1026,147,290,-2)
(1025,147,290,-2)
(1023,148,290,-2)
(1021,149,290,-2)
(1019,149,290,-2)
(1017,150,290,-2)
(1015,151,290,-2)
(1013,152,290,-2)
(1011,152,290,-2)
(1009,153,290,-2)
(1008,154,290,-2)
(1006,154,290,-2)
(1004,155,290,-2)
(1002,156,289,-2)
(1000,156,289,-2)
(998,157,289,-2)
(996,158,289,-2)
(994,158,289,-2)
(992,159,289,-2)
(990,160,289,-2)
(988,160,289,-2)
(987,161,289,-2)
(985,161,289,-2)
(983,162,288,-2)
(981,163,288,-2)
(979,163,288,-2)
(977,164,288,-2)
(976,164,288,-2)
(974,165,288,-2)
(972,166,289,-2)
(970,166,289,-2)
(968,167,289,-2)
(967,168,290,-2)
(965,168,290,-2)
(963,169,290,-2)
(961,170,290,-2)
(959,170,290,-2)
(957,171,290,-2)
(955,172,290,-2)
(953,172,290,-2)
(952,173,290,-2)
(950,174,290,-2)
(948,174,290,-2)
(946,175,290,-2)
(944,176,290,-2)
(942,176,290,-2)
(940,177,290,-2)
(938,178,289,-2)
(936,178,289,-2)
(935,179,289,-2)
(933,180,289,-2)
(931,180,289,-2)
(929,181,288,-2)
(927,182,288,-2)
(925,182,288,-2)
(923,183,287,-2)
(921,183,287,-2)
(919,184,287,-2)
(917,185,286,-2)
(916,185,286,-2)
(914,186,286,-2)
(912,186,286,-2)
(910,187,285,-2)
(908,187,285,-2)
(906,188,284,-2)
(904,188,284,-2)
(902,189,283,-2)
(901,189,283,-2)
(899,189,283,-2)
(897,190,283,-2)
(895,190,283,-2)
(893,191,283,-2)
(891,191,283,-2)
(889,192,283,-2)
(887,192,283,-2)
(885,193,283,-2)
(883,193,283,-2)
(881,194,283,-2)
(880,194,283,-2)
(878,195,283,-2)
(876,195,283,-2)
(874,195,283,-2)
(872,196,283,-2)
(870,196,283,-2)
(868,197,283,-2)
(866,197,283,-2)
(864,198,283,-2)
(862,198,283,-2)
(860,199,283,-2)
(858,199,283,-2)
(856,199,283,-2)
(854,200,283,-2)
(852,200,283,-2)
(850,201,282,-2)
(848,201,282,-2)
(846,202,282,-2)
(844,202,282,-2)
(842,202,282,-2)
(840,203,282,-2)
(838,203,282,-2)
(836,204,282,-2)
(834,204,282,-2)
(833,205,281,-2)
(831,205,281,-2)
(829,205,281,-2)
(827,206,281,-2)
(825,206,281,-2)
(823,206,281,-2)
(821,207,280,-2)
(819,207,280,-2)
(817,208,280,-2)
(815,208,280,-2)
(813,208,280,-2)
(811,209,280,-2)
(809,209,280,-2)
(807,209,280,-2)
(805,210,279,-2)
(803,210,279,-2)
(801,210,279,-2)
(799,210,279,-2)
(797,211,278,-2)
(795,211,278,-2)
(793,211,278,-2)
(791,211,278,-2)
(789,212,277,-2)
(787,212,277,-2)
(785,212,277,-2)
(783,212,277,-2)
(781,213,275,-2)
(779,213,275,-2)
(777,213,275,-2)
(776,213,275,-2)
(774,213,275,-2)
(772,213,275,-2)
(770,214,275,-2)
(768,214,275,-2)
(766,214,275,-2)
(764,214,275,-2)
(762,214,275,-2)
(760,214,275,-2)
(758,214,275,-2)
(756,214,275,-2)
(754,215,273,-2)
(752,215,273,-2)
(750,215,273,-2)
(748,215,273,-2)
(746,215,273,-2)
(744,215,273,-2)
(742,215,273,-2)
(740,215,273,-2)
(738,215,273,-2)
(736,215,273,-2)
(734,215,273,-2)
(732,215,273,-2)
(730,216,272,-2)
(728,216,272,-2)
(726,216,272,-2)
(724,216,272,-2)
(722,216,272,-2)
(720,216,272,-2)
(718,216,272,-2)
(716,216,272,-2)
(714,216,272,-2)
(712,216,272,-2)
(710,216,272,-2)
(708,216,272,-2)
(706,216,272,-2)
(704,216,272,-2)
(702,216,272,-2)
(700,216,272,-2)
(698,216,272,-2)
(696,216,272,-2)
(694,216,272,-2)
(692,216,272,-2)
(690,216,272,-2)
(688,216,272,-2)
(686,216,272,-2)
(684,216,272,-2)
(682,216,272,-2)
(680,216,272,-2)
(678,216,272,-2)
(676,216,272,-2)
(674,216,272,-2)
(672,216,272,-2)
(670,216,272,-2)
(668,216,272,-2)
(666,216,272,-2)
(664,216,272,-2)
(662,216,272,-2)
(660,216,272,-2)
(658,216,272,-2)
(656,216,272,-2)
(654,216,272,-2)
(652,216,272,-2)
(650,216,272,-2)
(648,216,272,-2)
(646,216,272,-2)
(644,216,272,-2)
(642,216,272,-2)
(640,216,272,-2)
(638,216,272,-2)
(636,216,272,-2)
(634,216,272,-2)
(632,216,272,-2)
(630,216,272,-2)
(629,216,272,-2)
(627,216,272,-2)
(625,216,272,-2)
(623,216,272,-2)
(621,216,272,-2)
(619,216,272,-2)
(617,216,272,-2)
(615,216,272,-2)
(613,216,272,-2)
(611,216,272,-2)
(609,216,272,-2)
(607,216,272,-2)
(605,216,272,-2)
(603,216,272,-2)
(601,216,272,-2)
(599,216,272,-2)
(597,216,272,-2)
(595,216,272,-2)
(593,216,272,-2)
(591,216,272,-2)
(589,216,272,-2)
(587,216,272,-2)
(585,216,272,-2)
(583,216,272,-2)
(581,215,269,-2)
(579,215,269,-2)
(577,215,269,-2)
(575,215,269,-2)
(573,215,269,-2)
(571,215,269,-2)
(569,215,269,-2)
(567,215,269,-2)
(565,215,269,-2)
(563,215,269,-2)
(561,215,269,-2)
(559,215,269,-2)
(557,215,269,-2)
(555,215,269,-2)
(553,215,269,-2)
(551,215,269,-2)
(549,215,269,-2)
(547,215,269,-2)
(545,215,269,-2)
(543,215,269,-2)
(541,214,268,-2)
(539,214,268,-2)
(537,214,268,-2)
(535,214,268,-2)
(533,214,268,-2)
(531,214,268,-2)
(529,214,268,-2)
(527,214,268,-2)
(525,214,268,-2)
(524,214,268,-2)
(522,214,268,-2)
(520,214,268,-2)
(518,214,268,-2)
(516,214,268,-2)
(514,214,268,-2)
(512,213,267,-2)
(510,213,267,-2)
(508,213,267,-2)
(506,213,267,-2)
(504,213,267,-2)
(502,213,267,-2)
(500,213,267,-2)
(498,213,267,-2)
(496,213,267,-2)
(494,212,266,-2)
(492,212,266,-2)
(490,212,266,-2)
(488,212,266,-2)
(486,212,266,-2)
(484,212,266,-2)
(482,211,265,-2)
(480,211,265,-2)
(478,211,265,-2)
(476,211,265,-2)
(474,211,265,-2)
(472,211,265,-2)
(470,210,265,-2)
(468,210,265,-2)
(466,210,265,-2)
(464,210,265,-2)
(462,210,265,-2)
(460,210,265,-2)
(458,209,265,-2)
(456,209,265,-2)
(454,209,265,-2)
(452,209,265,-2)
(450,209,265,-2)
(448,209,265,-2)
(446,208,265,-2)
(444,208,265,-2)
(442,208,265,-2)
(440,208,265,-2)
(438,208,265,-2)
(436,207,265,-2)
(434,207,265,-2)
(432,207,265,-2)
(430,207,265,-2)
(428,207,265,-2)
(426,207,265,-2)
(424,206,265,-2)
(422,206,265,-2)
(420,206,265,-2)
(418,206,265,-2)
(416,206,265,-2)
(414,205,265,-2)
(412,205,265,-2)
(410,205,265,-2)
(408,205,265,-2)
(406,205,265,-2)
(404,205,265,-2)
(402,204,265,-2)
(400,204,265,-2)
(398,204,265,-2)
(397,204,265,-2)
(395,204,265,-2)
(393,204,265,-2)
(391,204,265,-2)
(389,203,265,-2)
(387,203,265,-2)
(385,203,265,-2)
(383,203,265,-2)
(381,203,265,-2)
(379,203,265,-2)
(377,202,265,-2)
(375,202,265,-2)
(373,202,265,-2)
(371,202,265,-2)
(369,202,265,-2)
(367,202,265,-2)
(365,201,265,-2)
(363,201,265,-2)
(361,201,265,-2)
(359,201,265,-2)
(357,201,265,-2)
(355,201,265,-2)
(353,200,265,-2)
(351,200,265,-2)
(349,200,265,-2)
(347,200,265,-2)
(345,200,265,-2)
(343,200,265,-2)
(341,199,265,-2)
(339,199,265,-2)
(337,199,265,-2)
(335,199,265,-2)
(333,199,265,-2)
(331,199,265,-2)
(329,198,265,-2)
(327,198,265,-2)
(325,198,265,-2)
(323,198,265,-2)
(321,198,265,-2)
(319,198,265,-2)
(317,197,265,-2)
(315,197,265,-2)
(313,197,265,-2)
(311,197,265,-2)
(309,197,265,-2)
(307,196,264,-2)
(305,196,264,-2)
(303,196,264,-2)
(301,196,264,-2)
(299,196,264,-2)
(297,195,264,-2)
(295,195,264,-2)
(293,195,264,-2)
(291,195,264,-2)
(289,194,263,-2)
(287,194,263,-2)
(285,194,263,-2)
(283,194,263,-2)
(281,194,263,-2)
(279,193,263,-2)
(277,193,263,-2)
(276,193,263,-2)
(274,193,263,-2)
(272,192,262,-2)
(270,192,262,-2)
(268,192,262,-2)
(266,192,262,-2)
(264,191,262,-2)
(262,191,262,-2)
(260,191,262,-2)
(258,190,262,-2)
(256,190,262,-2)
(254,190,262,-2)
(252,189,261,-2)
(250,189,261,-2)
(248,189,261,-2)
(246,189,261,-2)
(244,188,261,-2)
(242,188,261,-2)
(240,188,261,-2)
(238,187,261,-2)
(236,187,261,-2)
(234,187,261,-2)
(232,186,261,-2)
(230,186,261,-2)
(228,186,261,-2)
(226,185,260,-2)
(224,185,260,-2)
(223,185,260,-2)
(221,184,260,-2)
(219,184,260,-2)
(217,184,260,-2)
(215,183,260,-2)
(213,183,260,-2)
(211,183,260,-2)
(209,182,260,-2)
(207,182,260,-2)
(205,182,260,-2)
(203,181,260,-2)
(201,181,260,-2)
(199,180,260,-2)
(197,180,260,-2)
(195,180,260,-2)
(193,179,259,-2)
(191,179,259,-2)
(189,179,259,-2)
(187,178,259,-2)
(185,178,259,-2)
(183,178,259,-2)
(181,177,259,-2)
(179,177,259,-2)
(177,176,259,-2)
(175,176,259,-2)
(173,176,259,-2)
(171,175,259,-2)
(169,175,259,-2)
(167,174,258,-2)
(165,174,258,-2)
(163,174,258,-2)
(161,173,258,-2)
(160,173,258,-2)
(158,172,258,-2)
(156,172,258,-2)
(154,172,258,-2)
(152,171,258,-2)
(150,171,258,-2)
(148,170,257,-2)
(146,170,257,-2)
(144,169,257,-2)
(142,169,257,-2)
(140,168,257,-2)
(138,168,257,-2)
(137,168,257,-2)
(135,167,256,-2)
(133,167,256,-2)
(131,166,255,-2)
(129,166,255,-2)
(127,165,255,-2)
(125,165,255,-2)
(123,164,254,-2)
(122,164,254,-2)
(120,163,253,-2)
(118,162,253,-2)
(116,162,253,-2)
(114,161,253,-2)
(112,161,253,-2)
(110,160,252,-2)
(108,159,252,-2)
(106,159,252,-2)
(104,158,252,-2)
(102,158,252,-2)
(100,157,252,-2)
(99,156,251,-2)
(97,156,251,-2)
(95,155,251,-2)
(93,154,251,-2)
(91,154,251,-2)
(89,153,251,-2)
(87,152,251,-2)
(85,152,251,-2)
(83,151,251,-2)
(82,150,251,-2)
(80,150,251,-2)
(78,149,250,-2)
(76,148,250,-2)
(74,148,250,-2)
(72,147,250,-2)
(70,146,250,-2)
(68,146,250,-2)
(66,145,250,-2)
(65,144,250,-2)
(63,144,250,-2)
(61,143,250,-2)
(59,142,250,-2)
(57,142,250,-2)
(55,141,250,-2)
(53,140,250,-2)
(51,140,250,-2)
(49,139,250,-2)
(48,138,250,-2)
(46,138,250,-2)
(44,137,251,-2)
(42,136,251,-2)
(40,136,251,-2)
(38,135,251,-2)
(36,134,251,-2)
(34,134,251,-2)
(32,133,251,-2)
(31,132,252,-2)
(29,132,252,-2)
(27,131,252,-2)
(25,130,252,-2)
(23,130,252,-2)
(21,129,253,-2)
(20,129,253,-2)
(18,128,253,-2)
(16,128,253,-2)
(14,127,253,-2)
(12,127,253,-2)
(10,126,253,-2)
(8,126,253,-2)
(6,125,253,-2)
(5,124,253,-2)
(3,124,253,-2)
(1,123,253,-2)
(0,123,253,-2)
(-2,122,253,-2)
(-4,122,253,-2)
(-6,121,253,-2)
(-8,120,253,-2)
(-10,120,253,-2)
(-12,119,253,-2)
(-14,119,253,-2)
(-16,118,253,-2)
(-18,117,253,-2)
(-20,117,253,-2)
(-22,116,253,-2)
(-23,116,253,-2)
(-25,115,253,-2)
(-27,115,253,-2)
(-29,114,253,-2)
(-31,113,253,-2)
(-33,113,253,-2)
(-35,112,253,-2)
(-37,112,253,-2)
(-39,111,253,-2)
(-41,111,253,-2)
(-43,110,253,-2)
(-45,109,253,-2)
(-47,109,253,-2)
(-49,108,253,-2)
(-50,108,253,-2)
(-52,107,253,-2)
(-54,106,253,-2)
(-56,106,253,-2)
(-58,105,252,-2)
(-60,105,252,-2)
(-62,104,252,-2)
(-63,104,252,-2)
(-64,103,252,-2)
(-66,102,252,-2)
(-68,101,252,-2)
(-70,100,252,-2)
(-72,99,252,-2)
(-74,98,252,-2)
(-76,97,252,-2)
(-78,96,252,-2)
(-80,95,252,-2)
(-82,94,252,-2)
(-84,93,252,-2)
(-86,92,252,-2)
(-88,91,252,-2)
(-90,90,252,-2)
(-92,89,252,-2)
(-94,88,252,-2)
(-96,87,252,-2)
(-98,86,252,-2)
(-100,85,252,-2)
(-102,84,252,-2)
(-104,83,252,-2)
(-106,82,252,-2)
(-108,81,252,-2)
(-110,80,252,-2)
(-112,79,252,-2)
(-114,78,252,-2)
(-116,77,252,-2)
(-118,76,252,-2)
(-120,75,252,-2)
(-122,74,252,-2)
(-124,73,252,-2)
(-126,72,252,-2)
(-128,71,252,-2)
(-130,70,252,-2)
(-132,69,252,-2)
(-134,68,252,-2)
(-136,67,252,-2)
(-138,66,252,-2)
(-140,65,252,-2)
(-142,64,252,-2)
(-144,63,252,-2)
(-146,62,252,-2)
(-148,61,252,-2)
(-150,60,252,-2)
(-152,59,252,-2)
(-154,58,252,-2)
(-156,57,252,-2)
(-158,56,252,-2)
(-160,55,252,-2)
(-162,54,252,-2)
(-164,53,252,-2)
(-166,52,252,-2)
(-168,51,252,-2)
(-170,50,252,-2)
(-172,49,252,-2)
(-174,48,252,-2)
(-176,47,252,-2)
(-178,46,252,-2)
(-180,45,252,-2)
(-182,44,252,-2)
(-184,43,252,-2)
(-186,42,252,-2)
(-188,41,252,-2)
(-190,40,252,-2)
(-192,39,252,-2)
(-194,38,252,-2)
(-196,37,252,-2)
(-198,36,252,-2)
(-200,35,252,-2)
(-202,34,252,-2)
(-204,33,252,-2)
(-206,32,252,-2)
(-208,31,252,-2)
(-210,30,252,-2)
(-212,29,252,-2)
(-214,28,252,-2)
(-216,27,252,-2)
(-218,26,252,-2)
(-220,25,252,-2)
(-222,24,252,-2)
(-224,23,252,-2)
(-226,22,252,-2)
(-228,21,252,-2)
(-230,20,252,-2)
(-232,19,252,-2)
(-234,18,252,-2)
(-236,17,252,-2)
(-238,16,252,-2)
(-240,15,252,-2)
(-242,14,252,-2)
(-244,13,252,-2)
(-246,12,252,-2)
(-248,11,252,-2)
(-250,10,252,-2)
(-252,9,252,-2)
(-254,8,252,-2)
(-256,7,252,-2)
(-258,6,252,-2)
(-260,5,252,-2)
(-262,4,252,-2)
(-264,3,252,-2)
