1
1
1
1
1
1
1
1
1
1
1
1
2
6
6
6
6
6
6
6
6
6
6
6
6
8
8
8
8
8
8
8
8
8
8
8
8
8
8
8
8
8
8
8
8
8
8
8
8
13
13
13
13
13
13
13
13
13
13
13
13
21
21
21
21
21
21
21
21
21
21
21
21
64
64
64
64
64
64
64
64
64
64
64
64
64
64
64
64
64
64
64
64
64
64
64
64
132
132
132
132
132
132
132
132
132
132
132
132
151
151
151
151
151
151
151
151
151
151
151
151
351
351
351
351
351
351
351
351
351
351
351
351
515
515
515
515
515
515
515
515
515
515
515
515
515
515
515
515
515
515
515
515
515
515
515
515
516
516
516
516
516
516
516
516
516
516
516
516
651
651
651
651
651
651
651
651
651
651
651
651
651
651
651
651
651
651
651
651
651
651
651
651
651
651
651
651
651
651
651
651
651
651
651
651
654
1135
1135
1135
1135
1135
1135
1135
1135
1135
1135
1135
1135
1351
1351
1351
1351
1351
1351
1351
1351
1351
1351
1351
1351
4564
4564
4564
4564
4564
4564
4564
4564
4564
4564
4564
4564
5115
5115
5115
5115
5115
5115
5115
5115
5115
5115
5115
5115
6542
6542
6542
6542
6542
6542
6542
6542
6542
6542
6542
53135
53135
53135
53135
53135
53135
53135
53135
53135
53135
53135
53135
1354964
1354964
1354964
1354964
1354964
1354964
1354964
1354964
1354964
1354964
1354964
1354964
