(10,16,52059,0,0,0,0,0,0)
(5,17,50027,0,0,0,0,0,0)
(4,86,52020,0,0,0,0,0,0)
(7,101,10018,0,0,0,0,0,0)
(9,172,50006,0,0,0,0,0,0)
(12,179,10011,0,0,0,0,0,0)
(7,201,51000,0,0,0,0,0,0)
(8,223,52034,0,0,0,0,0,0)
(4,329,50001,0,0,0,0,0,0)
(9,347,10001,0,0,0,0,0,0)
(14,371,10018,0,0,0,0,0,0)
(100,385,1101,302,0,0,0,0,0)
(9,385,10012,0,0,0,0,0,0)
(12,510,20000,0,0,0,0,0,0)
(7,622,52042,0,0,0,0,0,0)
(100,647,1005,109,0,0,0,0,0)
(12,647,51000,0,0,0,0,0,0)
(11,688,50001,0,0,0,0,0,0)
(5,700,52054,0,0,0,0,0,0)
(8,858,10001,0,0,0,0,0,0)
(7,871,52024,0,0,0,0,0,0)
(5,942,20000,0,0,0,0,0,0)
(8,947,52001,0,0,0,0,0,0)
(10,1135,52059,0,0,0,0,0,0)
(7,1141,10020,0,0,0,0,0,0)
(19,1155,10006,0,0,0,0,0,0)
(13,1179,52034,0,0,0,0,0,0)
(12,1208,52056,0,0,0,0,0,0)
(4,1226,10011,0,0,0,0,0,0)
(100,1310,2005,202,0,0,0,0,0)
(10,1442,50001,0,0,0,0,0,0)
(100,1493,1101,302,0,0,0,0,0)
(15,1493,10012,0,0,0,0,0,0)
(16,1638,10019,0,0,0,0,0,0)
(16,1730,10018,0,0,0,0,0,0)
(5,1737,10001,0,0,0,0,0,0)
(4,1743,50006,0,0,0,0,0,0)
(100,1803,2005,202,0,0,0,0,0)
(10,1803,52056,0,0,0,0,0,0)
(9,1807,50027,0,0,0,0,0,0)
(9,1840,10002,0,0,0,0,0,0)
(12,1888,52042,0,0,0,0,0,0)
(8,1911,10015,0,0,0,0,0,0)
(11,2080,52060,0,0,0,0,0,0)
(8,2108,50006,0,0,0,0,0,0)
(100,2202,1002,102,0,0,0,0,0)
(14,2202,10007,0,0,0,0,0,0)
(7,2263,52001,0,0,0,0,0,0)
(11,2321,20000,0,0,0,0,0,0)
(4,2396,50001,0,0,0,0,0,0)
(14,2408,52024,0,0,0,0,0,0)
(100,2418,1101,302,0,0,0,0,0)
(12,2610,10019,0,0,0,0,0,0)
(16,2616,10004,0,0,0,0,0,0)
(5,2648,10012,0,0,0,0,0,0)
(13,2658,10016,0,0,0,0,0,0)
(100,2695,103,1003,0,0,0,0,0)
(7,2695,51000,0,0,0,0,0,0)
(9,2811,52020,0,0,0,0,0,0)
(12,2878,20000,0,0,0,0,0,0)
(8,2952,10001,0,0,0,0,0,0)
(5,2980,10019,0,0,0,0,0,0)
(100,3002,2005,202,0,0,0,0,0)
(7,3002,10002,0,0,0,0,0,0)
(4,3219,10007,0,0,0,0,0,0)
(7,3267,10014,0,0,0,0,0,0)
(12,3275,10001,0,0,0,0,0,0)
(11,3283,52001,0,0,0,0,0,0)
(10,3318,50001,0,0,0,0,0,0)
(14,3343,10016,0,0,0,0,0,0)
(10,3380,52054,0,0,0,0,0,0)
(12,3412,52034,0,0,0,0,0,0)
(12,3418,10015,0,0,0,0,0,0)
(13,3443,10011,0,0,0,0,0,0)
(100,3490,3051,102,0,0,0,0,0)
(19,3490,10008,0,0,0,0,0,0)
(11,3750,10018,0,0,0,0,0,0)
(9,3776,52020,0,0,0,0,0,0)
(8,3831,10016,0,0,0,0,0,0)
(100,3894,2004,2401,0,0,0,0,0)
(4,3894,10001,0,0,0,0,0,0)
(13,3939,52059,0,0,0,0,0,0)
(16,4140,51000,0,0,0,0,0,0)
(5,4154,10013,0,0,0,0,0,0)
(9,4197,52054,0,0,0,0,0,0)
(5,4243,50001,0,0,0,0,0,0)
(100,4250,4042,102,0,0,0,0,0)
(10,4250,52024,0,0,0,0,0,0)
(7,4318,52034,0,0,0,0,0,0)
(8,4368,20000,0,0,0,0,0,0)
(7,4377,10011,0,0,0,0,0,0)
(14,4399,52059,0,0,0,0,0,0)
(4,4460,50006,0,0,0,0,0,0)
(15,4520,51000,0,0,0,0,0,0)
(13,4611,20000,0,0,0,0,0,0)
(7,4629,10020,0,0,0,0,0,0)
(5,4652,10011,0,0,0,0,0,0)
(14,4731,52056,0,0,0,0,0,0)
(16,4773,10006,0,0,0,0,0,0)
(100,4904,1007,1402,0,0,0,0,0)
(9,5010,10014,0,0,0,0,0,0)
(11,5071,52024,0,0,0,0,0,0)
(10,5109,51000,0,0,0,0,0,0)
(19,5122,51001,0,0,0,0,0,0)
(10,5135,52054,0,0,0,0,0,0)
(4,5230,10001,0,0,0,0,0,0)
(8,5266,50001,0,0,0,0,0,0)
(7,5274,10002,0,0,0,0,0,0)
(14,5333,10018,0,0,0,0,0,0)
(4,5381,51000,0,0,0,0,0,0)
(13,5399,10016,0,0,0,0,0,0)
(13,5509,51001,0,0,0,0,0,0)
(5,5608,10001,0,0,0,0,0,0)
(5,5631,10006,0,0,0,0,0,0)
(14,5682,10013,0,0,0,0,0,0)
(7,5761,52042,0,0,0,0,0,0)
(12,5804,10007,0,0,0,0,0,0)
(100,5817,110,20000,0,0,0,0,0)
(5,5817,52060,0,0,0,0,0,0)
(100,5986,4053,1301,0,0,0,0,0)
(4,5986,52020,0,0,0,0,0,0)
(100,6014,1101,302,0,0,0,0,0)
(7,6014,52001,0,0,0,0,0,0)
(15,6073,40000,0,0,0,0,0,0)
(13,6103,51001,0,0,0,0,0,0)
(10,6109,10011,0,0,0,0,0,0)
(10,6145,52056,0,0,0,0,0,0)
(10,6299,10016,0,0,0,0,0,0)
(8,6350,52020,0,0,0,0,0,0)
(7,6487,10012,0,0,0,0,0,0)
(14,6531,10019,0,0,0,0,0,0)
(9,6582,20000,0,0,0,0,0,0)
(4,6587,51000,0,0,0,0,0,0)
(9,6591,10001,0,0,0,0,0,0)
(7,6622,52024,0,0,0,0,0,0)
(13,6727,52034,0,0,0,0,0,0)
(100,6871,1007,1402,0,0,0,0,0)
(8,6871,10010,0,0,0,0,0,0)
(100,6939,3003,3402,0,0,0,0,0)
(15,6939,51000,0,0,0,0,0,0)
(4,6978,52020,0,0,0,0,0,0)
(12,7045,50022,0,0,0,0,0,0)
(8,7046,10001,0,0,0,0,0,0)
(14,7257,10008,0,0,0,0,0,0)
(7,7301,52042,0,0,0,0,0,0)
(10,7470,51000,0,0,0,0,0,0)
(5,7472,10006,0,0,0,0,0,0)
(7,7480,10019,0,0,0,0,0,0)
(14,7481,52059,0,0,0,0,0,0)
(10,7559,10016,0,0,0,0,0,0)
(5,7572,52054,0,0,0,0,0,0)
(13,7579,10003,0,0,0,0,0,0)
(100,7652,1002,102,0,0,0,0,0)
(13,7652,52009,0,0,0,0,0,0)
(100,7784,1101,302,0,0,0,0,0)
(12,7784,10012,0,0,0,0,0,0)
(11,7835,10006,0,0,0,0,0,0)
(100,7877,4042,102,0,0,0,0,0)
(16,7877,52054,0,0,0,0,0,0)
(4,8180,10006,0,0,0,0,0,0)
(11,8202,52024,0,0,0,0,0,0)
(8,8217,52059,0,0,0,0,0,0)
(9,8250,10001,0,0,0,0,0,0)
(100,8452,1007,1402,0,0,0,0,0)
(13,8452,51000,0,0,0,0,0,0)
(12,8510,52037,0,0,0,0,0,0)
(4,8554,10001,0,0,0,0,0,0)
(100,8637,4042,102,0,0,0,0,0)
(12,8637,50001,0,0,0,0,0,0)
(100,8711,1101,302,0,0,0,0,0)
(10,8711,52020,0,0,0,0,0,0)
(9,8726,52034,0,0,0,0,0,0)
(9,8815,10014,0,0,0,0,0,0)
(15,8816,10005,0,0,0,0,0,0)
(14,8881,51001,0,0,0,0,0,0)
(14,8889,10003,0,0,0,0,0,0)
(14,8969,10013,0,0,0,0,0,0)
(19,9061,20000,0,0,0,0,0,0)
(10,9076,52024,0,0,0,0,0,0)
(16,9129,52034,0,0,0,0,0,0)
(5,9310,10001,0,0,0,0,0,0)
(12,9312,52024,0,0,0,0,0,0)
(7,9319,52001,0,0,0,0,0,0)
(100,9365,1062,1402,0,0,0,0,0)
(10,9365,10016,0,0,0,0,0,0)
(100,9421,1002,102,0,0,0,0,0)
(13,9516,52054,0,0,0,0,0,0)
(7,9527,10020,0,0,0,0,0,0)
(100,9636,1101,302,0,0,0,0,0)
(5,9636,52001,0,0,0,0,0,0)
(9,9693,52024,0,0,0,0,0,0)
(9,9787,52054,0,0,0,0,0,0)
(7,9869,10001,0,0,0,0,0,0)
(4,9935,10006,0,0,0,0,0,0)
(15,10112,10007,0,0,0,0,0,0)
(12,10171,50022,0,0,0,0,0,0)
(4,10176,10001,0,0,0,0,0,0)
(12,10189,50006,0,0,0,0,0,0)
(8,10191,52054,0,0,0,0,0,0)
(100,10221,1062,1402,0,0,0,0,0)
(4,10221,52020,0,0,0,0,0,0)
(13,10297,52009,0,0,0,0,0,0)
(100,10348,1101,302,0,0,0,0,0)
(7,10348,10002,0,0,0,0,0,0)
(14,10443,10015,0,0,0,0,0,0)
(13,10454,52059,0,0,0,0,0,0)
(5,10493,10007,0,0,0,0,0,0)
(8,10552,10013,0,0,0,0,0,0)
(100,10561,1008,1402,0,0,0,0,0)
(10,10561,52034,0,0,0,0,0,0)
(11,10729,50027,0,0,0,0,0,0)
(16,10748,51001,0,0,0,0,0,0)
(15,10822,52001,0,0,0,0,0,0)
(11,10959,10012,0,0,0,0,0,0)
(4,11126,52020,0,0,0,0,0,0)
(5,11129,52001,0,0,0,0,0,0)
(11,11176,10010,0,0,0,0,0,0)
(100,11204,4042,102,0,0,0,0,0)
(9,11204,10007,0,0,0,0,0,0)
(100,11328,1007,1402,0,0,0,0,0)
(13,11328,20000,0,0,0,0,0,0)
(7,11353,10013,0,0,0,0,0,0)
(4,11452,10001,0,0,0,0,0,0)
(14,11461,10006,0,0,0,0,0,0)
(10,11517,10017,0,0,0,0,0,0)
(8,11570,52059,0,0,0,0,0,0)
(9,11571,50001,0,0,0,0,0,0)
(11,11679,52001,0,0,0,0,0,0)
(16,11727,40000,0,0,0,0,0,0)
(7,11729,52056,0,0,0,0,0,0)
(12,11774,52024,0,0,0,0,0,0)
(100,11964,4042,102,0,0,0,0,0)
(9,11964,52034,0,0,0,0,0,0)
(5,12018,52059,0,0,0,0,0,0)
(19,12217,51000,0,0,0,0,0,0)
(4,12226,52020,0,0,0,0,0,0)
(100,12241,1101,302,0,0,0,0,0)
(15,12241,40000,0,0,0,0,0,0)
(10,12253,10015,0,0,0,0,0,0)
(13,12287,10013,0,0,0,0,0,0)
(9,12331,10012,0,0,0,0,0,0)
(15,12445,10011,0,0,0,0,0,0)
(5,12450,10016,0,0,0,0,0,0)
(16,12541,10012,0,0,0,0,0,0)
(11,12629,10019,0,0,0,0,0,0)
(8,12633,52001,0,0,0,0,0,0)
(12,12690,10020,0,0,0,0,0,0)
(100,12699,1008,1402,0,0,0,0,0)
(4,12699,52020,0,0,0,0,0,0)
(100,12724,3003,3402,0,0,0,0,0)
(8,12724,50027,0,0,0,0,0,0)
(7,12920,52056,0,0,0,0,0,0)
(7,13101,10006,0,0,0,0,0,0)
(14,13153,51001,0,0,0,0,0,0)
(100,13166,110,20000,0,0,0,0,0)
(9,13166,52001,0,0,0,0,0,0)
(12,13208,50027,0,0,0,0,0,0)
(5,13213,10020,0,0,0,0,0,0)
(13,13300,50017,0,0,0,0,0,0)
(16,13311,10012,0,0,0,0,0,0)
(11,13350,52059,0,0,0,0,0,0)
(4,13399,20000,0,0,0,0,0,0)
(9,13401,10007,0,0,0,0,0,0)
(7,13442,10016,0,0,0,0,0,0)
(9,13458,10002,0,0,0,0,0,0)
(4,13565,10010,0,0,0,0,0,0)
(100,13662,1101,302,0,0,0,0,0)
(14,13662,10013,0,0,0,0,0,0)
(7,13820,10007,0,0,0,0,0,0)
(100,13912,3051,102,0,0,0,0,0)
(7,13912,10014,0,0,0,0,0,0)
(15,13983,52034,0,0,0,0,0,0)
(8,14022,52059,0,0,0,0,0,0)
(100,14076,1101,302,0,0,0,0,0)
(8,14076,10011,0,0,0,0,0,0)
(13,14166,10007,0,0,0,0,0,0)
(16,14228,20000,0,0,0,0,0,0)
(13,14230,10015,0,0,0,0,0,0)
(12,14297,10012,0,0,0,0,0,0)
(16,14342,10003,0,0,0,0,0,0)
(9,14562,50027,0,0,0,0,0,0)
(11,14584,52024,0,0,0,0,0,0)
(100,14587,1062,1402,0,0,0,0,0)
(13,14587,10019,0,0,0,0,0,0)
(10,14642,52056,0,0,0,0,0,0)
(100,14672,1101,302,0,0,0,0,0)
(4,14672,10017,0,0,0,0,0,0)
(8,14819,10007,0,0,0,0,0,0)
(10,14939,10011,0,0,0,0,0,0)
(15,14980,52034,0,0,0,0,0,0)
(100,15001,1101,302,0,0,0,0,0)
(7,15001,52024,0,0,0,0,0,0)
(10,15061,52054,0,0,0,0,0,0)
(16,15067,50028,0,0,0,0,0,0)
(12,15126,10014,0,0,0,0,0,0)
(7,15130,52042,0,0,0,0,0,0)
(9,15216,52020,0,0,0,0,0,0)
(4,15357,10010,0,0,0,0,0,0)
(9,15403,10011,0,0,0,0,0,0)
(7,15407,10001,0,0,0,0,0,0)
(13,15442,51001,0,0,0,0,0,0)
(13,15443,10019,0,0,0,0,0,0)
(12,15492,52060,0,0,0,0,0,0)
(10,15542,52024,0,0,0,0,0,0)
(100,15570,103,1003,0,0,0,0,0)
(4,15570,10007,0,0,0,0,0,0)
(100,15798,4042,102,0,0,0,0,0)
(19,15798,10009,0,0,0,0,0,0)
(11,15895,10016,0,0,0,0,0,0)
(5,15900,10013,0,0,0,0,0,0)
(100,15926,1062,1402,0,0,0,0,0)
(7,15926,52024,0,0,0,0,0,0)
(14,16060,52056,0,0,0,0,0,0)
(4,16213,10001,0,0,0,0,0,0)
(11,16286,10006,0,0,0,0,0,0)
(15,16359,10019,0,0,0,0,0,0)
(16,16363,52009,0,0,0,0,0,0)
(8,16365,52054,0,0,0,0,0,0)
(13,16401,10013,0,0,0,0,0,0)
(9,16467,10002,0,0,0,0,0,0)
(100,16558,2005,202,0,0,0,0,0)
(12,16558,50022,0,0,0,0,0,0)
(7,16785,52056,0,0,0,0,0,0)
(11,16795,10010,0,0,0,0,0,0)
(9,16800,10020,0,0,0,0,0,0)
(10,16811,10002,0,0,0,0,0,0)
(7,16856,10015,0,0,0,0,0,0)
(100,16909,1101,302,0,0,0,0,0)
(19,16962,10012,0,0,0,0,0,0)
(11,17092,50006,0,0,0,0,0,0)
(8,17101,50001,0,0,0,0,0,0)
(5,17129,10014,0,0,0,0,0,0)
(15,17237,10019,0,0,0,0,0,0)
(4,17301,10017,0,0,0,0,0,0)
(9,17303,10010,0,0,0,0,0,0)
(9,17396,52034,0,0,0,0,0,0)
(100,17450,1008,1402,0,0,0,0,0)
(13,17450,40000,0,0,0,0,0,0)
(7,17527,52059,0,0,0,0,0,0)
(12,17570,10017,0,0,0,0,0,0)
(8,17581,52054,0,0,0,0,0,0)
(10,17685,52024,0,0,0,0,0,0)
(9,17715,10020,0,0,0,0,0,0)
(19,17756,52060,0,0,0,0,0,0)
(13,17801,10011,0,0,0,0,0,0)
(100,17834,1101,302,0,0,0,0,0)
(9,17834,10018,0,0,0,0,0,0)
(12,17904,52059,0,0,0,0,0,0)
(5,17980,10013,0,0,0,0,0,0)
(7,18007,10014,0,0,0,0,0,0)
(11,18066,10019,0,0,0,0,0,0)
(11,18071,10010,0,0,0,0,0,0)
(4,18199,52020,0,0,0,0,0,0)
(100,18246,1101,302,0,0,0,0,0)
(7,18246,10015,0,0,0,0,0,0)
(9,18352,10010,0,0,0,0,0,0)
(15,18485,52037,0,0,0,0,0,0)
(14,18576,52059,0,0,0,0,0,0)
(7,18604,10002,0,0,0,0,0,0)
(8,18611,10014,0,0,0,0,0,0)
(10,18656,10013,0,0,0,0,0,0)
(100,18663,103,1003,0,0,0,0,0)
(19,18663,10019,0,0,0,0,0,0)
(16,18679,10004,0,0,0,0,0,0)
(5,18757,52024,0,0,0,0,0,0)
(100,18759,3051,102,0,0,0,0,0)
(9,18759,10017,0,0,0,0,0,0)
(12,18836,10002,0,0,0,0,0,0)
(15,18880,52009,0,0,0,0,0,0)
(13,18936,10007,0,0,0,0,0,0)
(12,18953,20000,0,0,0,0,0,0)
(4,19007,51000,0,0,0,0,0,0)
(11,19146,10013,0,0,0,0,0,0)
(100,19171,3051,102,0,0,0,0,0)
(8,19171,52054,0,0,0,0,0,0)
(11,19283,51000,0,0,0,0,0,0)
(10,19374,10015,0,0,0,0,0,0)
(8,19433,10017,0,0,0,0,0,0)
(8,19457,10011,0,0,0,0,0,0)
(100,19458,1062,1402,0,0,0,0,0)
(9,19529,50001,0,0,0,0,0,0)
(14,19606,50017,0,0,0,0,0,0)
(12,19616,50006,0,0,0,0,0,0)
(4,19762,51000,0,0,0,0,0,0)
(5,19785,10001,0,0,0,0,0,0)
(19,19836,40000,0,0,0,0,0,0)
(9,19851,50006,0,0,0,0,0,0)
(100,19931,1101,302,0,0,0,0,0)
(5,19931,10011,0,0,0,0,0,0)
(13,20046,52056,0,0,0,0,0,0)
(15,20109,52037,0,0,0,0,0,0)
(10,20177,10014,0,0,0,0,0,0)
(16,20203,10007,0,0,0,0,0,0)
(7,20244,10013,0,0,0,0,0,0)
(10,20248,52024,0,0,0,0,0,0)
(8,20274,10002,0,0,0,0,0,0)
(8,20315,10010,0,0,0,0,0,0)
(4,20386,10001,0,0,0,0,0,0)
(12,20408,10019,0,0,0,0,0,0)
(10,20413,10015,0,0,0,0,0,0)
(100,20441,1101,302,0,0,0,0,0)
(15,20441,10014,0,0,0,0,0,0)
(100,20524,103,1003,0,0,0,0,0)
(7,20524,10018,0,0,0,0,0,0)
(14,20664,52009,0,0,0,0,0,0)
(12,20849,10017,0,0,0,0,0,0)
(100,20856,3003,3402,0,0,0,0,0)
(4,20856,50006,0,0,0,0,0,0)
(11,20916,10015,0,0,0,0,0,0)
(12,21044,10013,0,0,0,0,0,0)
(8,21107,10017,0,0,0,0,0,0)
(10,21178,51000,0,0,0,0,0,0)
(4,21265,52020,0,0,0,0,0,0)
(8,21294,10015,0,0,0,0,0,0)
(12,21313,20000,0,0,0,0,0,0)
(100,21319,4002,4001,0,0,0,0,0)
(10,21319,10010,0,0,0,0,0,0)
(100,21366,2005,202,0,0,0,0,0)
(10,21366,10011,0,0,0,0,0,0)
(15,21444,10013,0,0,0,0,0,0)
(7,21619,10019,0,0,0,0,0,0)
(8,21626,10010,0,0,0,0,0,0)
(9,21675,52020,0,0,0,0,0,0)
(4,21716,10017,0,0,0,0,0,0)
(100,21794,1008,1402,0,0,0,0,0)
(9,21794,10016,0,0,0,0,0,0)
(11,21828,10013,0,0,0,0,0,0)
(5,21866,10002,0,0,0,0,0,0)
(15,21877,10014,0,0,0,0,0,0)
(7,21920,10010,0,0,0,0,0,0)
(10,21944,52059,0,0,0,0,0,0)
(14,22044,52060,0,0,0,0,0,0)
(12,22194,52054,0,0,0,0,0,0)
(7,22211,10002,0,0,0,0,0,0)
(13,22227,10014,0,0,0,0,0,0)
(100,22258,1101,302,0,0,0,0,0)
(10,22258,52020,0,0,0,0,0,0)
(10,22322,52060,0,0,0,0,0,0)
(8,22344,10007,0,0,0,0,0,0)
(100,22354,1062,1402,0,0,0,0,0)
(9,22354,51000,0,0,0,0,0,0)
(16,22419,40000,0,0,0,0,0,0)
(8,22486,10015,0,0,0,0,0,0)
(14,22521,10003,0,0,0,0,0,0)
(13,22549,10016,0,0,0,0,0,0)
(7,22582,10011,0,0,0,0,0,0)
(14,22616,50027,0,0,0,0,0,0)
(12,22636,52034,0,0,0,0,0,0)
(9,22694,10020,0,0,0,0,0,0)
(4,22728,10007,0,0,0,0,0,0)
(15,22859,10005,0,0,0,0,0,0)
(11,22899,50001,0,0,0,0,0,0)
(10,22944,52020,0,0,0,0,0,0)
(11,22981,10002,0,0,0,0,0,0)
(100,23007,4042,102,0,0,0,0,0)
(12,23007,52034,0,0,0,0,0,0)
(19,23159,50028,0,0,0,0,0,0)
(100,23183,1121,2401,0,0,0,0,0)
(9,23183,52059,0,0,0,0,0,0)
(100,23337,3051,102,0,0,0,0,0)
(7,23337,10007,0,0,0,0,0,0)
(7,23464,10010,0,0,0,0,0,0)
(4,23538,50006,0,0,0,0,0,0)
(13,23545,52042,0,0,0,0,0,0)
(5,23585,52056,0,0,0,0,0,0)
(11,23592,50022,0,0,0,0,0,0)
(5,23595,52034,0,0,0,0,0,0)
(8,23751,50006,0,0,0,0,0,0)
(100,23767,1008,1402,0,0,0,0,0)
(5,23905,10014,0,0,0,0,0,0)
(13,23963,52001,0,0,0,0,0,0)
(12,23969,10012,0,0,0,0,0,0)

