(13,11,52024,0,0,0,0,0,0)
(14,33,10005,0,0,0,0,0,0)
(9,185,10020,0,0,0,0,0,0)
(5,356,51000,0,0,0,0,0,0)
(5,381,10002,0,0,0,0,0,0)
(13,502,52042,0,0,0,0,0,0)
(10,537,50006,0,0,0,0,0,0)
(14,550,50028,0,0,0,0,0,0)
(9,557,10017,0,0,0,0,0,0)
(16,643,10013,0,0,0,0,0,0)
(9,663,52060,0,0,0,0,0,0)
(100,692,1101,302,0,0,0,0,0)
(10,692,10007,0,0,0,0,0,0)
(4,742,10001,0,0,0,0,0,0)
(11,758,10010,0,0,0,0,0,0)
(10,844,10017,0,0,0,0,0,0)
(8,870,52020,0,0,0,0,0,0)
(16,900,10012,0,0,0,0,0,0)
(4,955,10002,0,0,0,0,0,0)
(100,1000,103,1003,0,0,0,0,0)
(15,1000,51001,0,0,0,0,0,0)
(11,1185,10012,0,0,0,0,0,0)
(11,1272,10015,0,0,0,0,0,0)
(19,1307,10008,0,0,0,0,0,0)
(7,1327,51000,0,0,0,0,0,0)
(14,1329,10003,0,0,0,0,0,0)
(5,1359,10019,0,0,0,0,0,0)
(16,1563,10018,0,0,0,0,0,0)
(12,1597,10001,0,0,0,0,0,0)
(12,1614,50001,0,0,0,0,0,0)
(100,1617,1101,302,0,0,0,0,0)
(13,1617,10013,0,0,0,0,0,0)
(8,1670,10017,0,0,0,0,0,0)
(7,1725,52056,0,0,0,0,0,0)
(100,1795,1101,302,0,0,0,0,0)
(5,1795,10018,0,0,0,0,0,0)
(100,1846,4053,1301,0,0,0,0,0)
(4,1846,10006,0,0,0,0,0,0)
(8,1955,10013,0,0,0,0,0,0)
(15,1967,50028,0,0,0,0,0,0)
(10,2129,52020,0,0,0,0,0,0)
(7,2172,10007,0,0,0,0,0,0)
(4,2215,50006,0,0,0,0,0,0)
(9,2333,51000,0,0,0,0,0,0)
(5,2440,50001,0,0,0,0,0,0)
(8,2469,20000,0,0,0,0,0,0)
(14,2476,10007,0,0,0,0,0,0)
(9,2493,52042,0,0,0,0,0,0)
(12,2517,10018,0,0,0,0,0,0)
(100,2542,1101,302,0,0,0,0,0)
(7,2542,52056,0,0,0,0,0,0)
(7,2568,10011,0,0,0,0,0,0)
(100,2600,2005,202,0,0,0,0,0)
(12,2600,10015,0,0,0,0,0,0)
(7,2712,10001,0,0,0,0,0,0)
(100,2720,1101,302,0,0,0,0,0)
(9,2720,50027,0,0,0,0,0,0)
(4,2776,10007,0,0,0,0,0,0)
(11,3087,10006,0,0,0,0,0,0)
(8,3263,52054,0,0,0,0,0,0)
(14,3264,52060,0,0,0,0,0,0)
(10,3287,10001,0,0,0,0,0,0)
(11,3319,50001,0,0,0,0,0,0)
(12,3367,10009,0,0,0,0,0,0)
(10,3413,10016,0,0,0,0,0,0)
(5,3442,10006,0,0,0,0,0,0)
(13,3467,52054,0,0,0,0,0,0)
(100,3500,1101,302,0,0,0,0,0)
(7,3500,52001,0,0,0,0,0,0)
(13,3561,10014,0,0,0,0,0,0)
(4,3574,51000,0,0,0,0,0,0)
(7,3591,52059,0,0,0,0,0,0)
(100,3645,1101,302,0,0,0,0,0)
(7,3645,10019,0,0,0,0,0,0)
(11,4017,10012,0,0,0,0,0,0)
(10,4019,52056,0,0,0,0,0,0)
(15,4142,52060,0,0,0,0,0,0)
(9,4164,50006,0,0,0,0,0,0)
(16,4166,10003,0,0,0,0,0,0)
(5,4198,52024,0,0,0,0,0,0)
(9,4201,52034,0,0,0,0,0,0)
(8,4233,10011,0,0,0,0,0,0)
(10,4263,51000,0,0,0,0,0,0)
(7,4357,10010,0,0,0,0,0,0)
(8,4405,10016,0,0,0,0,0,0)
(4,4415,10007,0,0,0,0,0,0)
(100,4425,3003,3402,0,0,0,0,0)
(12,4570,20000,0,0,0,0,0,0)
(13,4787,52054,0,0,0,0,0,0)
(8,4804,10011,0,0,0,0,0,0)
(7,4815,10006,0,0,0,0,0,0)
(11,4919,10002,0,0,0,0,0,0)
(5,4934,10014,0,0,0,0,0,0)
(14,4958,52059,0,0,0,0,0,0)
(19,5042,10018,0,0,0,0,0,0)
(9,5057,10016,0,0,0,0,0,0)
(10,5083,52056,0,0,0,0,0,0)
(15,5157,51001,0,0,0,0,0,0)
(15,5189,10019,0,0,0,0,0,0)
(12,5348,52056,0,0,0,0,0,0)
(100,5365,1101,302,0,0,0,0,0)
(13,5365,10018,0,0,0,0,0,0)
(100,5485,1002,102,0,0,0,0,0)
(9,5485,52054,0,0,0,0,0,0)
(7,5589,10018,0,0,0,0,0,0)
(4,5606,10007,0,0,0,0,0,0)
(11,5630,50006,0,0,0,0,0,0)
(11,5656,52042,0,0,0,0,0,0)
(10,5689,20000,0,0,0,0,0,0)
(13,5725,10006,0,0,0,0,0,0)
(5,5760,52056,0,0,0,0,0,0)
(12,5812,52034,0,0,0,0,0,0)
(14,5943,10005,0,0,0,0,0,0)
(11,5957,50027,0,0,0,0,0,0)
(16,6056,10006,0,0,0,0,0,0)
(100,6273,1062,1402,0,0,0,0,0)
(9,6273,50006,0,0,0,0,0,0)
(100,6290,1101,302,0,0,0,0,0)
(19,6290,50017,0,0,0,0,0,0)
(100,6400,103,1003,0,0,0,0,0)
(8,6400,52054,0,0,0,0,0,0)
(13,6426,10018,0,0,0,0,0,0)
(7,6587,10012,0,0,0,0,0,0)
(10,6626,52059,0,0,0,0,0,0)
(10,6660,52054,0,0,0,0,0,0)
(15,6768,52009,0,0,0,0,0,0)
(11,6798,10004,0,0,0,0,0,0)
(12,6847,10002,0,0,0,0,0,0)
(15,6928,52037,0,0,0,0,0,0)
(12,6966,10020,0,0,0,0,0,0)
(19,7018,10005,0,0,0,0,0,0)
(8,7043,52001,0,0,0,0,0,0)
(100,7195,1101,302,0,0,0,0,0)
(7,7195,52056,0,0,0,0,0,0)
(100,7215,1101,302,0,0,0,0,0)
(11,7215,10015,0,0,0,0,0,0)
(4,7239,10006,0,0,0,0,0,0)
(100,7256,103,1003,0,0,0,0,0)
(12,7256,10002,0,0,0,0,0,0)
(4,7298,10007,0,0,0,0,0,0)
(5,7338,10018,0,0,0,0,0,0)
(10,7357,10014,0,0,0,0,0,0)
(9,7431,10001,0,0,0,0,0,0)
(4,7445,52020,0,0,0,0,0,0)
(7,7598,10015,0,0,0,0,0,0)
(12,7617,52001,0,0,0,0,0,0)
(11,7736,10011,0,0,0,0,0,0)
(13,7900,20000,0,0,0,0,0,0)
(14,7932,10009,0,0,0,0,0,0)
(13,7955,52042,0,0,0,0,0,0)
(9,8026,10017,0,0,0,0,0,0)
(12,8029,50022,0,0,0,0,0,0)
(10,8046,10001,0,0,0,0,0,0)
(100,8051,1062,1402,0,0,0,0,0)
(7,8115,10006,0,0,0,0,0,0)
(100,8120,103,1003,0,0,0,0,0)
(12,8120,50006,0,0,0,0,0,0)
(100,8205,1101,302,0,0,0,0,0)
(5,8205,10016,0,0,0,0,0,0)
(10,8314,51000,0,0,0,0,0,0)
(10,8474,52056,0,0,0,0,0,0)
(16,8480,52024,0,0,0,0,0,0)
(5,8498,10014,0,0,0,0,0,0)
(11,8539,10011,0,0,0,0,0,0)
(4,8692,20000,0,0,0,0,0,0)
(12,8725,52001,0,0,0,0,0,0)
(11,8796,52056,0,0,0,0,0,0)
(14,8798,50027,0,0,0,0,0,0)
(8,8890,10006,0,0,0,0,0,0)
(100,8915,1102,2002,0,0,0,0,0)
(10,8915,52054,0,0,0,0,0,0)
(4,9006,10011,0,0,0,0,0,0)
(9,9034,52042,0,0,0,0,0,0)
(7,9105,10006,0,0,0,0,0,0)
(100,9130,1062,1402,0,0,0,0,0)
(9,9130,10012,0,0,0,0,0,0)
(9,9186,10001,0,0,0,0,0,0)
(16,9339,10003,0,0,0,0,0,0)
(5,9347,20000,0,0,0,0,0,0)
(15,9356,10013,0,0,0,0,0,0)
(12,9374,10018,0,0,0,0,0,0)
(10,9495,10015,0,0,0,0,0,0)
(13,9555,10014,0,0,0,0,0,0)
(10,9582,50001,0,0,0,0,0,0)
(7,9590,52024,0,0,0,0,0,0)
(11,9639,10007,0,0,0,0,0,0)
(100,9692,2004,2401,0,0,0,0,0)
(10,9853,10007,0,0,0,0,0,0)
(5,9900,52001,0,0,0,0,0,0)
(12,9962,52024,0,0,0,0,0,0)
(8,9977,10006,0,0,0,0,0,0)
(4,10065,10011,0,0,0,0,0,0)
(100,10113,1101,302,0,0,0,0,0)
(19,10113,52060,0,0,0,0,0,0)
(7,10144,52056,0,0,0,0,0,0)
(14,10227,52054,0,0,0,0,0,0)
(8,10245,52020,0,0,0,0,0,0)
(9,10256,10020,0,0,0,0,0,0)
(13,10346,10004,0,0,0,0,0,0)
(13,10395,40000,0,0,0,0,0,0)
(13,10449,10003,0,0,0,0,0,0)
(10,10461,52056,0,0,0,0,0,0)
(9,10574,10017,0,0,0,0,0,0)
(100,10702,1091,4001,0,0,0,0,0)
(7,10702,52020,0,0,0,0,0,0)
(14,10821,52060,0,0,0,0,0,0)
(9,10846,10010,0,0,0,0,0,0)
(12,10880,50006,0,0,0,0,0,0)
(16,11021,52037,0,0,0,0,0,0)
(5,11026,52060,0,0,0,0,0,0)
(100,11038,4002,4001,0,0,0,0,0)
(15,11038,52024,0,0,0,0,0,0)
(8,11087,10017,0,0,0,0,0,0)
(4,11218,52020,0,0,0,0,0,0)
(16,11303,10012,0,0,0,0,0,0)
(10,11344,20000,0,0,0,0,0,0)
(8,11361,50027,0,0,0,0,0,0)
(10,11447,52024,0,0,0,0,0,0)
(10,11503,10017,0,0,0,0,0,0)
(14,11650,52060,0,0,0,0,0,0)
(100,11677,2005,202,0,0,0,0,0)
(11,11677,10004,0,0,0,0,0,0)
(11,11739,50027,0,0,0,0,0,0)
(15,11819,10014,0,0,0,0,0,0)
(7,11857,10006,0,0,0,0,0,0)
(7,11864,10015,0,0,0,0,0,0)
(9,11870,10013,0,0,0,0,0,0)
(7,11881,52024,0,0,0,0,0,0)
(5,11897,10012,0,0,0,0,0,0)
(100,11917,4042,102,0,0,0,0,0)
(9,11917,10001,0,0,0,0,0,0)
(12,11935,10002,0,0,0,0,0,0)
(100,12073,1101,302,0,0,0,0,0)
(10,12073,50001,0,0,0,0,0,0)
(10,12202,10002,0,0,0,0,0,0)
(5,12242,10018,0,0,0,0,0,0)
(7,12306,52020,0,0,0,0,0,0)
(10,12491,52024,0,0,0,0,0,0)
(12,12550,52056,0,0,0,0,0,0)
(100,12569,1101,302,0,0,0,0,0)
(5,12569,20000,0,0,0,0,0,0)
(8,12667,10002,0,0,0,0,0,0)
(100,12677,1002,102,0,0,0,0,0)
(12,12677,52037,0,0,0,0,0,0)
(16,12770,51001,0,0,0,0,0,0)
(5,12796,52034,0,0,0,0,0,0)
(15,12834,52059,0,0,0,0,0,0)
(10,12907,50001,0,0,0,0,0,0)
(7,12952,10020,0,0,0,0,0,0)
(8,12972,20000,0,0,0,0,0,0)
(100,12998,1101,302,0,0,0,0,0)
(4,12998,10002,0,0,0,0,0,0)
(13,13098,10003,0,0,0,0,0,0)
(14,13198,10011,0,0,0,0,0,0)
(9,13350,50001,0,0,0,0,0,0)
(10,13437,10015,0,0,0,0,0,0)
(11,13450,10014,0,0,0,0,0,0)
(10,13467,20000,0,0,0,0,0,0)
(100,13477,4042,102,0,0,0,0,0)
(14,13477,52059,0,0,0,0,0,0)
(4,13506,10011,0,0,0,0,0,0)
(7,13643,52054,0,0,0,0,0,0)
(11,13722,52001,0,0,0,0,0,0)
(9,13736,10002,0,0,0,0,0,0)
(15,13752,52056,0,0,0,0,0,0)
(10,13768,10006,0,0,0,0,0,0)
(8,13786,10001,0,0,0,0,0,0)
(4,13870,50001,0,0,0,0,0,0)
(4,13897,10017,0,0,0,0,0,0)
(100,13923,1008,1402,0,0,0,0,0)
(10,13923,10016,0,0,0,0,0,0)
(9,14122,10012,0,0,0,0,0,0)
(14,14149,10009,0,0,0,0,0,0)
(7,14154,10017,0,0,0,0,0,0)
(8,14229,52060,0,0,0,0,0,0)
(100,14237,1102,2002,0,0,0,0,0)
(5,14237,52001,0,0,0,0,0,0)
(12,14462,52056,0,0,0,0,0,0)
(4,14506,10006,0,0,0,0,0,0)
(11,14579,52024,0,0,0,0,0,0)
(12,14581,52009,0,0,0,0,0,0)
(14,14652,52059,0,0,0,0,0,0)
(13,14665,50017,0,0,0,0,0,0)
(16,14667,20000,0,0,0,0,0,0)
(8,14749,10016,0,0,0,0,0,0)
(16,14823,52060,0,0,0,0,0,0)
(5,14892,52024,0,0,0,0,0,0)
(10,14924,10011,0,0,0,0,0,0)
(13,15003,10012,0,0,0,0,0,0)
(9,15009,52054,0,0,0,0,0,0)
(100,15014,1121,2401,0,0,0,0,0)
(100,15136,4042,102,0,0,0,0,0)
(7,15136,52020,0,0,0,0,0,0)
(19,15313,51001,0,0,0,0,0,0)
(8,15324,10015,0,0,0,0,0,0)
(7,15362,52060,0,0,0,0,0,0)
(100,15387,103,1003,0,0,0,0,0)
(10,15387,50006,0,0,0,0,0,0)
(8,15565,52056,0,0,0,0,0,0)
(11,15633,52034,0,0,0,0,0,0)
(11,15649,10015,0,0,0,0,0,0)
(4,15723,10017,0,0,0,0,0,0)
(14,15737,51000,0,0,0,0,0,0)
(5,15745,50006,0,0,0,0,0,0)
(15,15747,52059,0,0,0,0,0,0)
(12,15751,10013,0,0,0,0,0,0)
(5,15773,52024,0,0,0,0,0,0)
(15,15880,10005,0,0,0,0,0,0)
(100,15896,1101,302,0,0,0,0,0)
(13,15896,52060,0,0,0,0,0,0)
(8,16034,10015,0,0,0,0,0,0)
(100,16182,2161,202,0,0,0,0,0)
(10,16182,10001,0,0,0,0,0,0)
(9,16262,52054,0,0,0,0,0,0)
(9,16419,10019,0,0,0,0,0,0)
(11,16515,10002,0,0,0,0,0,0)
(16,16549,52054,0,0,0,0,0,0)
(14,16589,10005,0,0,0,0,0,0)
(12,16632,10020,0,0,0,0,0,0)
(8,16651,10013,0,0,0,0,0,0)
(5,16778,50006,0,0,0,0,0,0)
(13,16782,10016,0,0,0,0,0,0)
(12,16796,10011,0,0,0,0,0,0)
(100,16821,1101,302,0,0,0,0,0)
(4,16821,52020,0,0,0,0,0,0)
(4,16934,52034,0,0,0,0,0,0)
(5,16978,52042,0,0,0,0,0,0)
(100,17049,3051,102,0,0,0,0,0)
(11,17049,10012,0,0,0,0,0,0)
(9,17094,10019,0,0,0,0,0,0)
(15,17176,10004,0,0,0,0,0,0)
(12,17189,10006,0,0,0,0,0,0)
(8,17200,10001,0,0,0,0,0,0)
(19,17422,52060,0,0,0,0,0,0)
(10,17487,52056,0,0,0,0,0,0)
(8,17548,52001,0,0,0,0,0,0)
(16,17551,20000,0,0,0,0,0,0)
(15,17629,10019,0,0,0,0,0,0)
(4,17682,52034,0,0,0,0,0,0)
(100,17746,103,1003,0,0,0,0,0)
(11,17746,52020,0,0,0,0,0,0)
(10,17752,10014,0,0,0,0,0,0)
(100,17809,1101,302,0,0,0,0,0)
(12,17809,50027,0,0,0,0,0,0)
(5,17864,10010,0,0,0,0,0,0)
(5,17885,52042,0,0,0,0,0,0)
(7,17915,10006,0,0,0,0,0,0)
(4,18241,10017,0,0,0,0,0,0)
(7,18347,10006,0,0,0,0,0,0)
(10,18387,50006,0,0,0,0,0,0)
(11,18399,10012,0,0,0,0,0,0)
(9,18405,52034,0,0,0,0,0,0)
(15,18424,10003,0,0,0,0,0,0)
(8,18430,10002,0,0,0,0,0,0)
(11,18449,10004,0,0,0,0,0,0)
(11,18465,50027,0,0,0,0,0,0)
(16,18528,52056,0,0,0,0,0,0)
(100,18541,1008,1402,0,0,0,0,0)
(10,18541,10016,0,0,0,0,0,0)
(5,18638,52020,0,0,0,0,0,0)
(12,18650,10020,0,0,0,0,0,0)
(19,18655,52060,0,0,0,0,0,0)
(100,18715,2004,2401,0,0,0,0,0)
(10,18715,10007,0,0,0,0,0,0)
(100,19011,2005,202,0,0,0,0,0)
(8,19011,10017,0,0,0,0,0,0)
(9,19156,52020,0,0,0,0,0,0)
(7,19157,10016,0,0,0,0,0,0)
(12,19169,10001,0,0,0,0,0,0)
(10,19200,10014,0,0,0,0,0,0)
(16,19212,10015,0,0,0,0,0,0)
(14,19239,10020,0,0,0,0,0,0)
(15,19306,51001,0,0,0,0,0,0)
(9,19361,10007,0,0,0,0,0,0)
(8,19420,51000,0,0,0,0,0,0)
(14,19428,52060,0,0,0,0,0,0)
(4,19563,10007,0,0,0,0,0,0)
(12,19588,10017,0,0,0,0,0,0)
(12,19606,10006,0,0,0,0,0,0)
(100,19725,2004,2401,0,0,0,0,0)
(10,19725,10011,0,0,0,0,0,0)
(100,19757,103,1003,0,0,0,0,0)
(5,19757,52042,0,0,0,0,0,0)
(16,19872,10015,0,0,0,0,0,0)
(100,19903,4042,102,0,0,0,0,0)
(10,20048,10017,0,0,0,0,0,0)
(13,20057,50017,0,0,0,0,0,0)
(19,20112,51000,0,0,0,0,0,0)
(12,20211,10011,0,0,0,0,0,0)
(8,20328,52054,0,0,0,0,0,0)
(5,20358,52001,0,0,0,0,0,0)
(7,20527,10012,0,0,0,0,0,0)
(7,20552,10011,0,0,0,0,0,0)
(9,20661,10019,0,0,0,0,0,0)
(100,20663,1121,2401,0,0,0,0,0)
(5,20663,10018,0,0,0,0,0,0)
(16,20695,10015,0,0,0,0,0,0)
(10,20712,10016,0,0,0,0,0,0)
(100,20735,1101,302,0,0,0,0,0)
(8,20735,52001,0,0,0,0,0,0)
(5,20775,10001,0,0,0,0,0,0)
(4,20804,10017,0,0,0,0,0,0)
(14,20965,10006,0,0,0,0,0,0)
(12,21167,10019,0,0,0,0,0,0)
(11,21199,52060,0,0,0,0,0,0)
(12,21215,50027,0,0,0,0,0,0)
(11,21353,10017,0,0,0,0,0,0)
(8,21431,52034,0,0,0,0,0,0)
(15,21433,52037,0,0,0,0,0,0)
(9,21508,52001,0,0,0,0,0,0)
(7,21574,10011,0,0,0,0,0,0)
(10,21588,10007,0,0,0,0,0,0)
(9,21592,51000,0,0,0,0,0,0)
(5,21595,10001,0,0,0,0,0,0)
(16,21612,52059,0,0,0,0,0,0)
(14,21654,50022,0,0,0,0,0,0)
(100,21660,1101,302,0,0,0,0,0)
(7,21660,52056,0,0,0,0,0,0)
(100,21937,1002,102,0,0,0,0,0)
(5,21937,52024,0,0,0,0,0,0)
(4,22099,10006,0,0,0,0,0,0)
(4,22123,10017,0,0,0,0,0,0)
(13,22206,52056,0,0,0,0,0,0)
(11,22253,50001,0,0,0,0,0,0)
(12,22284,52024,0,0,0,0,0,0)
(14,22333,40000,0,0,0,0,0,0)
(8,22365,52020,0,0,0,0,0,0)
(15,22387,52034,0,0,0,0,0,0)
(12,22474,10017,0,0,0,0,0,0)
(8,22507,51000,0,0,0,0,0,0)
(12,22530,10002,0,0,0,0,0,0)
(7,22560,10011,0,0,0,0,0,0)
(100,22585,1101,302,0,0,0,0,0)
(10,22585,10010,0,0,0,0,0,0)
(100,22737,1062,1402,0,0,0,0,0)
(10,22737,52020,0,0,0,0,0,0)
(11,22811,52001,0,0,0,0,0,0)
(8,22829,52024,0,0,0,0,0,0)
(7,22833,20000,0,0,0,0,0,0)
(19,22893,10020,0,0,0,0,0,0)
(8,23132,52054,0,0,0,0,0,0)
(16,23143,50022,0,0,0,0,0,0)
(9,23186,20000,0,0,0,0,0,0)
(100,23195,103,1003,0,0,0,0,0)
(12,23195,50027,0,0,0,0,0,0)
(4,23300,10017,0,0,0,0,0,0)
(5,23338,10012,0,0,0,0,0,0)
(12,23340,10013,0,0,0,0,0,0)
(14,23343,52034,0,0,0,0,0,0)
(9,23510,50006,0,0,0,0,0,0)
(5,23663,52054,0,0,0,0,0,0)
(10,23668,10002,0,0,0,0,0,0)
(15,23688,52001,0,0,0,0,0,0)
(15,23707,50028,0,0,0,0,0,0)
(100,23720,1101,302,0,0,0,0,0)
(13,23720,52042,0,0,0,0,0,0)
(16,23748,52009,0,0,0,0,0,0)
(19,23819,50022,0,0,0,0,0,0)
(100,23990,1062,1402,0,0,0,0,0)
(7,23990,52060,0,0,0,0,0,0)

