(13,70,52054,0,0,0,0,0,0)
(9,71,10020,0,0,0,0,0,0)
(12,84,51000,0,0,0,0,0,0)
(7,108,10015,0,0,0,0,0,0)
(10,240,10011,0,0,0,0,0,0)
(11,243,52060,0,0,0,0,0,0)
(5,280,10012,0,0,0,0,0,0)
(14,299,52037,0,0,0,0,0,0)
(7,300,52054,0,0,0,0,0,0)
(9,438,52042,0,0,0,0,0,0)
(14,490,10008,0,0,0,0,0,0)
(4,545,10010,0,0,0,0,0,0)
(10,601,10001,0,0,0,0,0,0)
(100,645,1062,1402,0,0,0,0,0)
(11,645,10012,0,0,0,0,0,0)
(7,890,10002,0,0,0,0,0,0)
(9,912,50006,0,0,0,0,0,0)
(100,973,1002,102,0,0,0,0,0)
(7,973,52056,0,0,0,0,0,0)
(9,1003,52020,0,0,0,0,0,0)
(11,1008,10020,0,0,0,0,0,0)
(8,1009,50001,0,0,0,0,0,0)
(16,1050,10014,0,0,0,0,0,0)
(12,1143,10007,0,0,0,0,0,0)
(15,1146,50027,0,0,0,0,0,0)
(5,1196,52001,0,0,0,0,0,0)
(10,1208,10015,0,0,0,0,0,0)
(5,1238,52056,0,0,0,0,0,0)
(13,1325,52024,0,0,0,0,0,0)
(12,1415,52054,0,0,0,0,0,0)
(4,1480,10010,0,0,0,0,0,0)
(5,1576,10007,0,0,0,0,0,0)
(16,1604,10005,0,0,0,0,0,0)
(100,1628,3003,3402,0,0,0,0,0)
(7,1628,10017,0,0,0,0,0,0)
(13,1682,20000,0,0,0,0,0,0)
(19,1722,10003,0,0,0,0,0,0)
(100,1773,4042,102,0,0,0,0,0)
(10,1773,51000,0,0,0,0,0,0)
(12,1873,10004,0,0,0,0,0,0)
(11,1888,50006,0,0,0,0,0,0)
(16,1959,50028,0,0,0,0,0,0)
(11,1987,10006,0,0,0,0,0,0)
(12,2053,10011,0,0,0,0,0,0)
(14,2081,52009,0,0,0,0,0,0)
(15,2108,52001,0,0,0,0,0,0)
(11,2138,50022,0,0,0,0,0,0)
(100,2153,1101,302,0,0,0,0,0)
(8,2153,10017,0,0,0,0,0,0)
(10,2353,52054,0,0,0,0,0,0)
(8,2360,10007,0,0,0,0,0,0)
(5,2384,51000,0,0,0,0,0,0)
(9,2398,10002,0,0,0,0,0,0)
(100,2533,103,1003,0,0,0,0,0)
(14,2533,51001,0,0,0,0,0,0)
(100,2580,1062,1402,0,0,0,0,0)
(5,2580,10019,0,0,0,0,0,0)
(10,2817,10010,0,0,0,0,0,0)
(16,2900,10020,0,0,0,0,0,0)
(4,2923,50006,0,0,0,0,0,0)
(8,2965,10016,0,0,0,0,0,0)
(13,3009,52009,0,0,0,0,0,0)
(11,3014,50001,0,0,0,0,0,0)
(15,3030,52001,0,0,0,0,0,0)
(100,3078,1005,109,0,0,0,0,0)
(12,3078,10013,0,0,0,0,0,0)
(13,3228,52042,0,0,0,0,0,0)
(5,3245,10020,0,0,0,0,0,0)
(9,3255,10014,0,0,0,0,0,0)
(9,3291,52020,0,0,0,0,0,0)
(7,3295,52001,0,0,0,0,0,0)
(14,3328,20000,0,0,0,0,0,0)
(11,3418,10019,0,0,0,0,0,0)
(100,3563,1062,1402,0,0,0,0,0)
(12,3563,52034,0,0,0,0,0,0)
(16,3625,52056,0,0,0,0,0,0)
(19,3670,10015,0,0,0,0,0,0)
(7,3693,52060,0,0,0,0,0,0)
(4,3865,51000,0,0,0,0,0,0)
(5,3887,52034,0,0,0,0,0,0)
(12,3892,10003,0,0,0,0,0,0)
(11,3893,50001,0,0,0,0,0,0)
(10,3927,10016,0,0,0,0,0,0)
(14,3978,10012,0,0,0,0,0,0)
(4,3998,10001,0,0,0,0,0,0)
(8,4002,10006,0,0,0,0,0,0)
(5,4015,52060,0,0,0,0,0,0)
(4,4188,52020,0,0,0,0,0,0)
(12,4226,10007,0,0,0,0,0,0)
(100,4234,4042,102,0,0,0,0,0)
(5,4234,10015,0,0,0,0,0,0)
(12,4525,51000,0,0,0,0,0,0)
(8,4530,52060,0,0,0,0,0,0)
(100,4546,1101,302,0,0,0,0,0)
(15,4546,10018,0,0,0,0,0,0)
(19,4593,50022,0,0,0,0,0,0)
(9,4748,10002,0,0,0,0,0,0)
(9,4772,10007,0,0,0,0,0,0)
(12,4789,52054,0,0,0,0,0,0)
(9,4843,10001,0,0,0,0,0,0)
(4,4877,10011,0,0,0,0,0,0)
(7,4915,50001,0,0,0,0,0,0)
(100,4994,110,20000,0,0,0,0,0)
(10,4994,10007,0,0,0,0,0,0)
(5,5106,50027,0,0,0,0,0,0)
(4,5134,52034,0,0,0,0,0,0)
(14,5243,52009,0,0,0,0,0,0)
(15,5316,10016,0,0,0,0,0,0)
(4,5430,50006,0,0,0,0,0,0)
(7,5465,10019,0,0,0,0,0,0)
(12,5467,52009,0,0,0,0,0,0)
(100,5471,103,1003,0,0,0,0,0)
(11,5471,10002,0,0,0,0,0,0)
(5,5688,20000,0,0,0,0,0,0)
(14,5722,10009,0,0,0,0,0,0)
(16,5727,52060,0,0,0,0,0,0)
(8,5750,52056,0,0,0,0,0,0)
(10,5766,50001,0,0,0,0,0,0)
(12,5794,52024,0,0,0,0,0,0)
(5,5833,10011,0,0,0,0,0,0)
(100,5904,1101,302,0,0,0,0,0)
(9,5904,10001,0,0,0,0,0,0)
(100,5971,4042,102,0,0,0,0,0)
(5,5971,10006,0,0,0,0,0,0)
(9,6090,10017,0,0,0,0,0,0)
(7,6200,10007,0,0,0,0,0,0)
(12,6236,50017,0,0,0,0,0,0)
(15,6241,52054,0,0,0,0,0,0)
(100,6266,4042,102,0,0,0,0,0)
(4,6266,51000,0,0,0,0,0,0)
(14,6586,51001,0,0,0,0,0,0)
(4,6627,10007,0,0,0,0,0,0)
(7,6631,10013,0,0,0,0,0,0)
(16,6645,52009,0,0,0,0,0,0)
(8,6650,52059,0,0,0,0,0,0)
(9,6653,52056,0,0,0,0,0,0)
(100,6731,110,20000,0,0,0,0,0)
(11,6731,10002,0,0,0,0,0,0)
(8,6789,10017,0,0,0,0,0,0)
(100,6829,1062,1402,0,0,0,0,0)
(7,6829,52024,0,0,0,0,0,0)
(5,6874,50001,0,0,0,0,0,0)
(9,6886,10010,0,0,0,0,0,0)
(100,7026,2132,3402,0,0,0,0,0)
(14,7026,50028,0,0,0,0,0,0)
(12,7212,10001,0,0,0,0,0,0)
(15,7322,10012,0,0,0,0,0,0)
(4,7380,10017,0,0,0,0,0,0)
(15,7399,10020,0,0,0,0,0,0)
(9,7441,10006,0,0,0,0,0,0)
(5,7487,10002,0,0,0,0,0,0)
(11,7501,52024,0,0,0,0,0,0)
(8,7507,52020,0,0,0,0,0,0)
(7,7531,10014,0,0,0,0,0,0)
(19,7553,50028,0,0,0,0,0,0)
(12,7641,10004,0,0,0,0,0,0)
(12,7753,10009,0,0,0,0,0,0)
(7,7812,10017,0,0,0,0,0,0)
(100,7959,1101,302,0,0,0,0,0)
(4,7959,10007,0,0,0,0,0,0)
(5,8091,10017,0,0,0,0,0,0)
(9,8092,10016,0,0,0,0,0,0)
(8,8108,50027,0,0,0,0,0,0)
(14,8150,51001,0,0,0,0,0,0)
(15,8169,20000,0,0,0,0,0,0)
(14,8203,52059,0,0,0,0,0,0)
(4,8257,52034,0,0,0,0,0,0)
(10,8322,52056,0,0,0,0,0,0)
(14,8360,10011,0,0,0,0,0,0)
(100,8418,4042,102,0,0,0,0,0)
(10,8418,52059,0,0,0,0,0,0)
(10,8582,52056,0,0,0,0,0,0)
(8,8682,51000,0,0,0,0,0,0)
(5,8798,10002,0,0,0,0,0,0)
(11,8800,10020,0,0,0,0,0,0)
(12,8875,10013,0,0,0,0,0,0)
(100,8884,2005,202,0,0,0,0,0)
(11,8884,10017,0,0,0,0,0,0)
(7,8949,52056,0,0,0,0,0,0)
(16,8992,10016,0,0,0,0,0,0)
(100,9025,1101,302,0,0,0,0,0)
(9,9025,50001,0,0,0,0,0,0)
(10,9090,10017,0,0,0,0,0,0)
(100,9178,1101,302,0,0,0,0,0)
(16,9178,50017,0,0,0,0,0,0)
(7,9213,52020,0,0,0,0,0,0)
(4,9222,10006,0,0,0,0,0,0)
(14,9316,10016,0,0,0,0,0,0)
(12,9482,10006,0,0,0,0,0,0)
(12,9568,10009,0,0,0,0,0,0)
(11,9570,10011,0,0,0,0,0,0)
(12,9619,10017,0,0,0,0,0,0)
(7,9654,10002,0,0,0,0,0,0)
(14,9776,10007,0,0,0,0,0,0)
(16,9816,50028,0,0,0,0,0,0)
(5,9849,10019,0,0,0,0,0,0)
(13,9860,10020,0,0,0,0,0,0)
(5,9892,50006,0,0,0,0,0,0)
(7,9904,10015,0,0,0,0,0,0)
(4,9923,10011,0,0,0,0,0,0)
(100,9950,1062,1402,0,0,0,0,0)
(8,9950,10016,0,0,0,0,0,0)
(100,10103,1101,302,0,0,0,0,0)
(9,10103,10001,0,0,0,0,0,0)
(11,10335,52034,0,0,0,0,0,0)
(15,10389,40000,0,0,0,0,0,0)
(9,10424,10002,0,0,0,0,0,0)
(14,10463,10019,0,0,0,0,0,0)
(8,10526,20000,0,0,0,0,0,0)
(10,10619,10015,0,0,0,0,0,0)
(11,10630,50027,0,0,0,0,0,0)
(7,10662,10001,0,0,0,0,0,0)
(100,10714,1121,2401,0,0,0,0,0)
(12,10714,10012,0,0,0,0,0,0)
(7,10731,10006,0,0,0,0,0,0)
(5,10732,10007,0,0,0,0,0,0)
(14,10804,50017,0,0,0,0,0,0)
(12,10850,50006,0,0,0,0,0,0)
(12,10879,20000,0,0,0,0,0,0)
(100,10933,1005,109,0,0,0,0,0)
(100,11028,4053,1301,0,0,0,0,0)
(5,11028,52024,0,0,0,0,0,0)
(16,11194,51000,0,0,0,0,0,0)
(10,11424,10017,0,0,0,0,0,0)
(14,11442,10013,0,0,0,0,0,0)
(8,11471,52020,0,0,0,0,0,0)
(7,11484,10006,0,0,0,0,0,0)
(8,11519,52034,0,0,0,0,0,0)
(10,11541,10001,0,0,0,0,0,0)
(7,11620,51000,0,0,0,0,0,0)
(12,11655,10003,0,0,0,0,0,0)
(100,11734,4002,4001,0,0,0,0,0)
(10,11734,10006,0,0,0,0,0,0)
(100,11782,1091,4001,0,0,0,0,0)
(4,11782,10011,0,0,0,0,0,0)
(12,11887,10014,0,0,0,0,0,0)
(19,11972,10020,0,0,0,0,0,0)
(5,11973,10015,0,0,0,0,0,0)
(16,12061,10009,0,0,0,0,0,0)
(13,12072,52059,0,0,0,0,0,0)
(100,12089,1102,2002,0,0,0,0,0)
(7,12089,10012,0,0,0,0,0,0)
(12,12194,50022,0,0,0,0,0,0)
(11,12293,10013,0,0,0,0,0,0)
(14,12342,52042,0,0,0,0,0,0)
(11,12420,10019,0,0,0,0,0,0)
(13,12510,10020,0,0,0,0,0,0)
(14,12559,50028,0,0,0,0,0,0)
(12,12725,52001,0,0,0,0,0,0)
(4,12738,20000,0,0,0,0,0,0)
(9,12742,10001,0,0,0,0,0,0)
(16,12744,10006,0,0,0,0,0,0)
(100,12769,103,1003,0,0,0,0,0)
(14,12769,50017,0,0,0,0,0,0)
(8,12861,10013,0,0,0,0,0,0)
(100,12866,1101,302,0,0,0,0,0)
(5,12866,50027,0,0,0,0,0,0)
(15,12975,50017,0,0,0,0,0,0)
(100,12997,1091,4001,0,0,0,0,0)
(10,12997,10017,0,0,0,0,0,0)
(5,13112,10001,0,0,0,0,0,0)
(5,13190,52059,0,0,0,0,0,0)
(15,13193,10016,0,0,0,0,0,0)
(10,13225,10014,0,0,0,0,0,0)
(11,13280,52001,0,0,0,0,0,0)
(8,13351,10017,0,0,0,0,0,0)
(4,13407,50001,0,0,0,0,0,0)
(100,13564,1101,302,0,0,0,0,0)
(7,13564,20000,0,0,0,0,0,0)
(10,13613,10007,0,0,0,0,0,0)
(13,13621,10013,0,0,0,0,0,0)
(14,13636,51000,0,0,0,0,0,0)
(11,13707,10011,0,0,0,0,0,0)
(4,13712,52034,0,0,0,0,0,0)
(12,13761,10003,0,0,0,0,0,0)
(19,13791,50022,0,0,0,0,0,0)
(9,13862,52059,0,0,0,0,0,0)
(5,13991,10015,0,0,0,0,0,0)
(16,14093,10009,0,0,0,0,0,0)
(5,14121,52059,0,0,0,0,0,0)
(4,14137,10007,0,0,0,0,0,0)
(100,14212,1101,302,0,0,0,0,0)
(12,14212,50022,0,0,0,0,0,0)
(8,14399,10015,0,0,0,0,0,0)
(13,14462,52042,0,0,0,0,0,0)
(100,14489,1101,302,0,0,0,0,0)
(15,14489,10019,0,0,0,0,0,0)
(8,14534,52020,0,0,0,0,0,0)
(100,14586,1101,302,0,0,0,0,0)
(11,14586,50022,0,0,0,0,0,0)
(13,14668,10014,0,0,0,0,0,0)
(12,14793,50022,0,0,0,0,0,0)
(7,14854,10001,0,0,0,0,0,0)
(11,14877,50001,0,0,0,0,0,0)
(7,14891,52001,0,0,0,0,0,0)
(14,14941,52034,0,0,0,0,0,0)
(7,14948,10011,0,0,0,0,0,0)
(5,15135,10001,0,0,0,0,0,0)
(100,15137,3003,3402,0,0,0,0,0)
(12,15137,52054,0,0,0,0,0,0)
(7,15232,52059,0,0,0,0,0,0)
(15,15236,52056,0,0,0,0,0,0)
(19,15257,10009,0,0,0,0,0,0)
(13,15259,50017,0,0,0,0,0,0)
(10,15299,10006,0,0,0,0,0,0)
(9,15414,10016,0,0,0,0,0,0)
(100,15733,1121,2401,0,0,0,0,0)
(9,15733,10007,0,0,0,0,0,0)
(11,15748,10006,0,0,0,0,0,0)
(5,15756,10015,0,0,0,0,0,0)
(16,15897,20000,0,0,0,0,0,0)
(14,15898,10009,0,0,0,0,0,0)
(15,15904,50022,0,0,0,0,0,0)
(7,15905,51000,0,0,0,0,0,0)
(4,15950,10011,0,0,0,0,0,0)
(7,15970,10006,0,0,0,0,0,0)
(8,16014,10015,0,0,0,0,0,0)
(100,16075,1101,302,0,0,0,0,0)
(11,16075,52059,0,0,0,0,0,0)
(5,16110,52054,0,0,0,0,0,0)
(12,16136,52056,0,0,0,0,0,0)
(100,16214,1101,302,0,0,0,0,0)
(10,16214,50001,0,0,0,0,0,0)
(9,16421,10017,0,0,0,0,0,0)
(13,16540,52024,0,0,0,0,0,0)
(5,16656,52060,0,0,0,0,0,0)
(4,16674,51000,0,0,0,0,0,0)
(9,16747,20000,0,0,0,0,0,0)
(14,16753,10005,0,0,0,0,0,0)
(5,16906,10012,0,0,0,0,0,0)
(4,16989,10006,0,0,0,0,0,0)
(100,17000,1062,1402,0,0,0,0,0)
(16,17000,10011,0,0,0,0,0,0)
(10,17048,10001,0,0,0,0,0,0)
(19,17061,52054,0,0,0,0,0,0)
(12,17062,52042,0,0,0,0,0,0)
(5,17093,10018,0,0,0,0,0,0)
(100,17139,2005,202,0,0,0,0,0)
(8,17139,10016,0,0,0,0,0,0)
(4,17191,10010,0,0,0,0,0,0)
(10,17211,10002,0,0,0,0,0,0)
(15,17399,51001,0,0,0,0,0,0)
(14,17556,52060,0,0,0,0,0,0)
(9,17645,10018,0,0,0,0,0,0)
(7,17676,52034,0,0,0,0,0,0)
(9,17792,52001,0,0,0,0,0,0)
(13,17832,10009,0,0,0,0,0,0)
(7,17863,52059,0,0,0,0,0,0)
(12,17874,10007,0,0,0,0,0,0)
(9,17915,20000,0,0,0,0,0,0)
(14,17927,52054,0,0,0,0,0,0)
(11,17956,52034,0,0,0,0,0,0)
(13,17981,10012,0,0,0,0,0,0)
(100,17983,1002,102,0,0,0,0,0)
(10,17983,10016,0,0,0,0,0,0)
(100,18031,1062,1402,0,0,0,0,0)
(4,18031,51000,0,0,0,0,0,0)
(11,18456,52042,0,0,0,0,0,0)
(8,18535,10015,0,0,0,0,0,0)
(9,18632,52056,0,0,0,0,0,0)
(12,18649,52054,0,0,0,0,0,0)
(5,18751,52020,0,0,0,0,0,0)
(100,18783,103,1003,0,0,0,0,0)
(12,18783,10017,0,0,0,0,0,0)
(7,18819,10020,0,0,0,0,0,0)
(5,18865,52059,0,0,0,0,0,0)
(14,18912,10006,0,0,0,0,0,0)
(7,18996,10017,0,0,0,0,0,0)
(15,19000,50022,0,0,0,0,0,0)
(100,19014,1062,1402,0,0,0,0,0)
(8,19226,50006,0,0,0,0,0,0)
(12,19235,10014,0,0,0,0,0,0)
(12,19272,10017,0,0,0,0,0,0)
(11,19352,52042,0,0,0,0,0,0)
(100,19396,1101,302,0,0,0,0,0)
(8,19396,10013,0,0,0,0,0,0)
(4,19532,20000,0,0,0,0,0,0)
(8,19537,52054,0,0,0,0,0,0)
(5,19553,52034,0,0,0,0,0,0)
(100,19578,1007,1402,0,0,0,0,0)
(9,19578,51000,0,0,0,0,0,0)
(5,19589,10012,0,0,0,0,0,0)
(9,19653,10011,0,0,0,0,0,0)
(9,19766,50001,0,0,0,0,0,0)
(4,19823,52020,0,0,0,0,0,0)
(7,19824,10014,0,0,0,0,0,0)
(14,19907,50028,0,0,0,0,0,0)
(12,19996,50022,0,0,0,0,0,0)
(100,19997,1062,1402,0,0,0,0,0)
(7,19997,50001,0,0,0,0,0,0)
(12,20157,52059,0,0,0,0,0,0)
(12,20296,52001,0,0,0,0,0,0)
(100,20321,1102,2002,0,0,0,0,0)
(7,20321,10020,0,0,0,0,0,0)
(12,20424,10004,0,0,0,0,0,0)
(5,20430,52059,0,0,0,0,0,0)
(10,20475,10015,0,0,0,0,0,0)
(100,20491,1101,302,0,0,0,0,0)
(5,20491,10006,0,0,0,0,0,0)
(4,20500,52020,0,0,0,0,0,0)
(15,20509,10008,0,0,0,0,0,0)
(13,20609,51001,0,0,0,0,0,0)
(4,20645,50006,0,0,0,0,0,0)
(15,20819,50017,0,0,0,0,0,0)
(100,20980,1062,1402,0,0,0,0,0)
(14,20980,52001,0,0,0,0,0,0)
(16,21091,10003,0,0,0,0,0,0)
(100,21098,1121,2401,0,0,0,0,0)
(5,21098,52056,0,0,0,0,0,0)
(5,21102,10006,0,0,0,0,0,0)
(16,21153,10014,0,0,0,0,0,0)
(7,21154,52034,0,0,0,0,0,0)
(4,21203,10011,0,0,0,0,0,0)
(13,21375,50017,0,0,0,0,0,0)
(9,21415,52056,0,0,0,0,0,0)
(100,21416,1101,302,0,0,0,0,0)
(9,21416,51000,0,0,0,0,0,0)
(8,21457,52020,0,0,0,0,0,0)
(15,21581,10004,0,0,0,0,0,0)
(11,21646,50022,0,0,0,0,0,0)
(11,21729,10015,0,0,0,0,0,0)
(14,21732,52034,0,0,0,0,0,0)
(7,21825,10006,0,0,0,0,0,0)
(12,21837,10007,0,0,0,0,0,0)
(100,21963,1062,1402,0,0,0,0,0)
(14,21963,52054,0,0,0,0,0,0)
(7,21998,52024,0,0,0,0,0,0)
(8,22013,10013,0,0,0,0,0,0)
(14,22058,50027,0,0,0,0,0,0)
(5,22078,52059,0,0,0,0,0,0)
(5,22110,10015,0,0,0,0,0,0)
(100,22118,1102,2002,0,0,0,0,0)
(7,22118,52001,0,0,0,0,0,0)
(7,22159,50006,0,0,0,0,0,0)
(8,22315,10006,0,0,0,0,0,0)
(100,22341,1101,302,0,0,0,0,0)
(16,22341,52060,0,0,0,0,0,0)
(13,22629,52054,0,0,0,0,0,0)
(19,22657,10015,0,0,0,0,0,0)
(11,22688,10006,0,0,0,0,0,0)
(10,22738,10007,0,0,0,0,0,0)
(12,22750,10011,0,0,0,0,0,0)
(16,22803,10009,0,0,0,0,0,0)
(12,22895,10019,0,0,0,0,0,0)
(8,22901,10001,0,0,0,0,0,0)
(5,22913,52034,0,0,0,0,0,0)
(13,22929,50017,0,0,0,0,0,0)
(100,22946,1101,302,0,0,0,0,0)
(10,22946,52060,0,0,0,0,0,0)
(7,23010,50006,0,0,0,0,0,0)
(14,23066,10003,0,0,0,0,0,0)
(100,23266,1008,1402,0,0,0,0,0)
(9,23266,52056,0,0,0,0,0,0)
(15,23557,10004,0,0,0,0,0,0)
(12,23567,10019,0,0,0,0,0,0)
(9,23568,50027,0,0,0,0,0,0)
(16,23665,10013,0,0,0,0,0,0)
(19,23704,50017,0,0,0,0,0,0)
(7,23706,10001,0,0,0,0,0,0)
(4,23780,51000,0,0,0,0,0,0)
(12,23781,10020,0,0,0,0,0,0)
(100,23808,4053,1301,0,0,0,0,0)
(4,23808,10010,0,0,0,0,0,0)
(10,23869,52024,0,0,0,0,0,0)
(100,23871,2005,202,0,0,0,0,0)
(12,23871,10014,0,0,0,0,0,0)
(5,23967,10019,0,0,0,0,0,0)
(14,23979,51001,0,0,0,0,0,0)

