0,1,2,3,4
(563,320,281,-2)
(560,321,281,-2)
(557,321,281,-2)
(554,322,281,-2)
(551,322,281,-2)
(548,323,281,-2)
(545,323,281,-2)
(542,324,281,-2)
(540,325,281,-2)
(537,325,281,-2)
(534,326,281,-2)
(531,326,281,-2)
(528,327,281,-2)
(525,328,281,-2)
(521,328,281,-2)
(518,329,281,-2)
(515,330,281,-2)
(512,330,281,-2)
(509,331,281,-2)
(506,332,281,-2)
(503,332,281,-2)
(500,333,281,-2)
(497,334,281,-2)
(494,334,281,-2)
(491,335,281,-2)
(487,336,281,-2)
(484,337,281,-2)
(481,337,281,-2)
(478,338,281,-2)
(475,339,281,-2)
(472,339,281,-2)
(469,340,281,-2)
(466,341,281,-2)
(463,341,281,-2)
(460,342,281,-2)
(456,343,281,-2)
(453,343,281,-2)
(450,344,281,-2)
(447,345,281,-2)
(444,345,281,-2)
(441,346,281,-2)
(438,347,281,-2)
(435,347,281,-2)
(432,348,281,-2)
(429,349,281,-2)
(426,349,281,-2)
(422,350,281,-2)
(419,351,281,-2)
(416,351,281,-2)
(413,352,281,-2)
(410,353,281,-2)
(407,354,281,-2)
(404,354,281,-2)
(401,355,281,-2)
(398,355,281,-2)
(395,356,281,-2)
(392,357,281,-2)
(388,358,281,-2)
(385,358,281,-2)
(382,359,281,-2)
(379,360,281,-2)
(376,360,281,-2)
(373,361,281,-2)
(370,362,281,-2)
(367,362,281,-2)
(364,363,281,-2)
(361,364,281,-2)
(358,364,281,-2)
(354,365,281,-2)
(351,366,281,-2)
(348,366,281,-2)
(345,367,281,-2)
(342,368,281,-2)
(339,368,281,-2)
(336,369,281,-2)
(333,370,281,-2)
(330,370,281,-2)
(327,371,281,-2)
(324,372,281,-2)
(320,372,281,-2)
(317,373,281,-2)
(314,374,281,-2)
(311,374,281,-2)
(308,375,281,-2)
(305,376,281,-2)
(302,376,281,-2)
(299,377,281,-2)
(296,378,281,-2)
(293,379,281,-2)
(289,379,281,-2)
(286,380,281,-2)
(283,381,281,-2)
(280,381,281,-2)
(277,382,281,-2)
(274,383,281,-2)
(271,383,281,-2)
(268,384,281,-2)
(265,385,281,-2)
(262,385,281,-2)
(258,386,281,-2)
(255,387,281,-2)
(252,387,281,-2)
(249,388,281,-2)
(246,389,281,-2)
(243,389,281,-2)
(240,390,281,-2)
(237,391,281,-2)
(234,391,281,-2)
(231,392,281,-2)
(228,393,281,-2)
(224,393,281,-2)
(221,394,281,-2)
(218,395,281,-2)
(215,395,281,-2)
(212,396,281,-2)
(209,397,281,-2)
(206,397,281,-2)
(203,398,281,-2)
(200,399,281,-2)
(197,400,282,-2)
(193,400,282,-2)
(190,401,282,-2)
(187,402,282,-2)
(184,402,282,-2)
(181,403,282,-2)
(178,404,282,-2)
(175,404,282,-2)
(172,405,282,-2)
(169,406,282,-2)
(166,406,282,-2)
(163,407,282,-2)
(159,408,282,-2)
(156,408,282,-2)
(153,409,282,-2)
(150,410,282,-2)
(147,410,282,-2)
(144,411,282,-2)
(141,412,282,-2)
(138,412,282,-2)
(135,413,282,-2)
(132,414,282,-2)
(129,414,282,-2)
(125,415,282,-2)
(122,416,282,-2)
(119,416,282,-2)
(116,417,282,-2)
(113,418,282,-2)
(110,419,282,-2)
(107,419,282,-2)
(104,420,282,-2)
(101,420,282,-2)
(98,421,282,-2)
(94,422,282,-2)
(91,423,282,-2)
(88,423,282,-2)
(85,424,282,-2)
(82,425,282,-2)
(79,425,282,-2)
(76,426,282,-2)
(73,427,282,-2)
(70,427,282,-2)
(67,428,282,-2)
(64,429,282,-2)
(61,429,282,-2)
(57,430,282,-2)
(54,431,282,-2)
(51,431,282,-2)
(48,432,282,-2)
(45,433,282,-2)
(42,433,282,-2)
(39,434,282,-2)
(36,435,282,-2)
(33,435,282,-2)
(30,436,282,-2)
(26,437,282,-2)
(23,437,282,-2)
(20,438,282,-2)
(17,439,282,-2)
(14,439,282,-2)
(11,440,282,-2)
(8,441,282,-2)
(5,442,282,-2)
(2,442,282,-2)
(0,443,282,-2)
(-4,444,282,-2)
(-7,444,282,-2)
(-10,445,282,-2)
(-13,446,282,-2)
(-16,446,282,-2)
(-19,447,282,-2)
(-22,448,282,-2)
(-25,448,282,-2)
(-28,449,282,-2)
(-31,450,282,-2)
(-34,450,282,-2)
(-38,451,282,-2)
(-41,452,282,-2)
(-44,452,282,-2)
(-47,453,282,-2)
(-50,454,282,-2)
(-53,454,282,-2)
(-56,455,282,-2)
(-59,456,282,-2)
(-62,456,282,-2)
(-65,457,282,-2)
(-69,458,282,-2)
(-72,458,282,-2)
(-75,459,282,-2)
(-78,460,282,-2)
(-81,460,282,-2)
(-84,461,282,-2)
(-87,462,282,-2)
(-90,462,282,-2)
(-93,463,282,-2)
(-96,464,282,-2)
(-99,465,282,-2)
(-103,465,282,-2)
(-106,466,282,-2)
(-109,467,282,-2)
(-112,467,282,-2)
(-115,468,282,-2)
(-118,469,282,-2)
(-121,469,282,-2)
(-124,470,282,-2)
(-127,471,282,-2)
(-130,471,282,-2)
(-133,472,283,-2)
(-137,473,283,-2)
(-140,473,283,-2)
(-143,474,283,-2)
(-146,475,283,-2)
(-149,475,283,-2)
(-152,476,283,-2)
(-155,477,283,-2)
(-158,477,283,-2)
(-161,478,283,-2)
(-164,479,283,-2)
(-168,479,283,-2)
(-171,480,283,-2)
(-174,481,283,-2)
(-177,481,283,-2)
(-180,482,283,-2)
(-183,483,283,-2)
(-186,484,283,-2)
(-189,484,283,-2)
(-192,485,283,-2)
(-195,486,283,-2)
(-198,486,283,-2)
(-202,487,283,-2)
(-205,488,283,-2)
(-208,488,283,-2)
(-211,489,283,-2)
(-214,490,283,-2)
(-217,490,283,-2)
(-220,491,283,-2)
(-223,492,283,-2)
(-226,492,283,-2)
(-229,493,283,-2)
(-233,494,283,-2)
(-236,494,283,-2)
(-239,495,283,-2)
(-242,496,283,-2)
(-245,496,283,-2)
(-248,497,283,-2)
(-251,498,283,-2)
(-254,498,283,-2)
(-257,499,283,-2)
(-260,500,283,-2)
(-263,500,283,-2)
(-267,501,283,-2)
(-270,502,283,-2)
(-273,502,283,-2)
(-276,503,283,-2)
(-279,504,283,-2)
(-282,504,283,-2)
(-285,505,283,-2)
(-288,506,283,-2)
(-291,506,283,-2)
(-294,507,283,-2)
(-297,508,283,-2)
(-301,509,283,-2)
(-304,509,283,-2)
(-307,510,283,-2)
(-310,511,283,-2)
(-313,511,283,-2)
(-316,512,283,-2)
(-319,513,283,-2)
(-322,513,283,-2)
(-325,514,283,-2)
(-328,515,283,-2)
(-332,515,283,-2)
(-335,516,283,-2)
(-338,517,283,-2)
(-341,517,283,-2)
(-344,518,283,-2)
(-347,519,283,-2)
(-350,519,283,-2)
(-353,520,283,-2)
(-356,521,283,-2)
(-359,521,283,-2)
(-362,522,283,-2)
(-366,523,283,-2)
(-369,524,283,-2)
(-372,524,283,-2)
(-375,525,283,-2)
(-378,525,283,-2)
(-381,526,283,-2)
(-384,527,283,-2)
(-387,527,283,-2)
(-390,528,283,-2)
(-393,529,283,-2)
(-396,530,283,-2)
(-400,530,283,-2)
(-403,531,283,-2)
(-406,532,283,-2)
(-409,532,283,-2)
(-412,533,283,-2)
(-415,534,283,-2)
(-418,534,283,-2)
(-421,535,283,-2)
(-424,536,283,-2)
(-427,536,283,-2)
(-431,537,283,-2)
(-434,538,283,-2)
(-437,538,283,-2)
(-440,539,283,-2)
(-443,540,283,-2)
(-446,540,283,-2)
(-449,541,283,-2)
(-452,542,283,-2)
(-455,542,283,-2)
(-458,543,283,-2)
(-462,544,283,-2)
(-465,544,283,-2)
(-468,545,284,-2)
(-471,546,284,-2)
(-474,546,284,-2)
(-477,547,284,-2)
(-480,548,284,-2)
(-483,549,284,-2)
(-486,549,284,-2)
(-489,550,284,-2)
(-492,551,284,-2)
(-495,551,284,-2)
(-499,552,284,-2)
(-502,553,284,-2)
(-505,553,284,-2)
(-508,554,284,-2)
(-511,555,284,-2)
(-514,555,284,-2)
(-517,556,284,-2)
(-520,557,284,-2)
(-523,557,284,-2)
(-526,558,284,-2)
(-530,559,284,-2)
(-533,559,284,-2)
(-536,560,284,-2)
(-539,561,284,-2)
(-542,561,284,-2)
(-545,562,284,-2)
(-548,563,284,-2)
(-551,563,284,-2)
(-554,564,284,-2)
(-557,565,284,-2)
(-561,565,284,-2)
(-564,566,284,-2)
(-567,567,284,-2)
(-570,567,284,-2)
(-573,568,284,-2)
(-576,569,284,-2)
(-579,569,284,-2)
(-582,570,284,-2)
(-585,571,284,-2)
(-588,572,284,-2)
(-591,572,284,-2)
(-595,573,284,-2)
(-598,574,284,-2)
(-601,574,284,-2)
(-604,575,284,-2)
(-607,576,284,-2)
(-610,576,284,-2)
(-613,577,284,-2)
(-616,578,284,-2)
(-619,578,284,-2)
(-622,579,284,-2)
(-626,580,284,-2)
(-629,580,284,-2)
(-632,581,284,-2)
(-635,582,284,-2)
(-638,582,284,-2)
(-641,583,284,-2)
(-644,584,284,-2)
(-647,584,284,-2)
(-650,585,284,-2)
(-653,586,284,-2)
(-656,586,284,-2)
(-659,587,284,-2)
(-663,588,284,-2)
(-666,588,284,-2)
(-669,589,284,-2)
(-672,590,284,-2)
(-675,591,284,-2)
(-678,591,284,-2)
(-681,592,284,-2)
(-684,593,284,-2)
(-687,593,284,-2)
(-690,594,284,-2)
(-694,595,284,-2)
(-697,595,284,-2)
(-700,596,284,-2)
(-703,597,284,-2)
(-706,597,284,-2)
(-709,598,284,-2)
(-712,599,284,-2)
(-715,599,284,-2)
(-718,600,284,-2)
(-721,601,284,-2)
(-725,601,284,-2)
(-728,602,284,-2)
(-731,603,284,-2)
(-734,603,284,-2)
(-737,604,284,-2)
(-740,605,284,-2)
(-743,605,284,-2)
(-746,606,284,-2)
(-749,607,284,-2)
(-752,607,284,-2)
(-755,608,284,-2)
(-759,609,284,-2)
(-762,610,284,-2)
(-765,610,284,-2)
(-768,611,284,-2)
(-771,611,284,-2)
(-774,612,284,-2)
(-777,613,284,-2)
(-780,614,284,-2)
(-783,614,284,-2)
(-786,615,284,-2)
(-790,616,284,-2)
(-793,616,284,-2)
(-796,617,284,-2)
(-799,618,284,-2)
(-802,618,285,-2)
