0,1,2,3,4
(568,316,502,-2)
(570,313,502,-2)
(572,311,502,-2)
(574,308,502,-2)
(576,306,502,-2)
(578,304,502,-2)
(580,301,502,-2)
(582,299,502,-2)
(584,297,502,-2)
(586,294,502,-2)
(588,292,502,-2)
(590,290,502,-2)
(592,287,502,-2)
(593,284,502,-2)
(595,282,502,-2)
(597,279,502,-2)
(599,277,502,-2)
(601,274,502,-2)
(603,272,502,-2)
(605,269,502,-2)
(607,266,502,-2)
(609,264,502,-2)
(611,261,502,-2)
(613,259,502,-2)
(614,256,502,-2)
(616,254,502,-2)
(618,251,502,-2)
(620,248,502,-2)
(622,246,502,-2)
(624,243,502,-2)
(626,241,502,-2)
(628,238,502,-2)
(630,236,502,-2)
(632,233,502,-2)
(634,230,502,-2)
(635,228,502,-2)
(637,225,502,-2)
(639,223,502,-2)
(641,220,502,-2)
(643,218,502,-2)
(645,215,502,-2)
(647,212,502,-2)
(649,210,502,-2)
(651,207,502,-2)
(653,205,502,-2)
(654,202,502,-2)
(656,200,502,-2)
(658,197,502,-2)
(660,194,502,-2)
(662,192,502,-2)
(664,189,502,-2)
(666,187,502,-2)
(668,184,502,-2)
(670,182,502,-2)
(672,179,502,-2)
(674,176,502,-2)
(675,174,502,-2)
(677,171,502,-2)
(679,169,502,-2)
(681,166,502,-2)
(683,164,502,-2)
(685,161,502,-2)
(687,158,502,-2)
(689,156,502,-2)
(691,153,502,-2)
(693,151,502,-2)
(695,148,502,-2)
(696,146,502,-2)
(698,143,502,-2)
(700,140,502,-2)
(702,138,502,-2)
(704,135,502,-2)
(706,133,502,-2)
(708,130,502,-2)
(710,128,502,-2)
(712,125,502,-2)
(714,122,502,-2)
(716,120,502,-2)
(717,117,502,-2)
(719,115,502,-2)
(721,112,502,-2)
(723,110,502,-2)
(725,107,502,-2)
(727,104,502,-2)
(729,102,502,-2)
(731,99,502,-2)
(733,97,502,-2)
(735,94,502,-2)
(736,92,502,-2)
(738,89,502,-2)
(740,87,502,-2)
(742,84,502,-2)
(744,81,502,-2)
(746,79,502,-2)
(748,76,502,-2)
(750,74,502,-2)
(752,71,502,-2)
(754,68,502,-2)
(756,66,502,-2)
(757,63,502,-2)
(759,61,502,-2)
(761,58,502,-2)
(763,56,502,-2)
(765,53,502,-2)
(767,50,502,-2)
(769,48,502,-2)
(771,45,502,-2)
(773,43,502,-2)
(775,40,502,-2)
(777,38,502,-2)
(778,35,502,-2)
(780,32,502,-2)
(782,30,502,-2)
(784,27,502,-2)
(786,25,502,-2)
(788,22,502,-2)
(790,20,502,-2)
(792,17,502,-2)
(794,14,502,-2)
(796,12,502,-2)
(797,9,502,-2)
(799,7,502,-2)
(801,4,502,-2)
(803,2,502,-2)
(805,0,502,-2)
(807,-2,502,-2)
(809,-5,502,-2)
(811,-8,502,-2)
(813,-10,502,-2)
(815,-13,502,-2)
(817,-15,502,-2)
(818,-18,502,-2)
(820,-21,502,-2)
(822,-23,502,-2)
(824,-26,502,-2)
(826,-28,502,-2)
(828,-31,502,-2)
(830,-33,502,-2)
(832,-36,502,-2)
(834,-39,502,-2)
(836,-41,502,-2)
(837,-44,502,-2)
(839,-46,502,-2)
(841,-49,502,-2)
(843,-51,502,-2)
(845,-54,502,-2)
(847,-56,502,-2)
(849,-59,502,-2)
(851,-62,502,-2)
(853,-64,502,-2)
(855,-67,502,-2)
(857,-69,502,-2)
(859,-72,502,-2)
(860,-75,502,-2)
(862,-77,502,-2)
(864,-80,502,-2)
(866,-82,502,-2)
(868,-85,502,-2)
(870,-87,502,-2)
(872,-90,502,-2)
(874,-92,502,-2)
(876,-95,502,-2)
(878,-98,502,-2)
(879,-100,502,-2)
(881,-103,502,-2)
(883,-105,502,-2)
(885,-108,502,-2)
(887,-110,502,-2)
(889,-113,502,-2)
(891,-116,502,-2)
(893,-118,502,-2)
(895,-121,502,-2)
(897,-123,502,-2)
(898,-126,502,-2)
(900,-128,502,-2)
(902,-131,502,-2)
(904,-134,502,-2)
(906,-136,502,-2)
(908,-139,502,-2)
(910,-141,502,-2)
(912,-144,502,-2)
(914,-146,502,-2)
(916,-149,502,-2)
(918,-152,502,-2)
(920,-154,502,-2)
(921,-157,502,-2)
(923,-159,502,-2)
(925,-162,502,-2)
(927,-165,502,-2)
(929,-167,502,-2)
(931,-170,502,-2)
(933,-172,502,-2)
(935,-175,502,-2)
(937,-177,502,-2)
(939,-180,502,-2)
(940,-182,502,-2)
(942,-185,502,-2)
(944,-188,502,-2)
(946,-190,502,-2)
(948,-193,502,-2)
(950,-195,502,-2)
(952,-198,502,-2)
(954,-201,502,-2)
(956,-203,502,-2)
(958,-206,502,-2)
(960,-208,502,-2)
(961,-211,502,-2)
(963,-213,502,-2)
(965,-216,502,-2)
(967,-218,502,-2)
(969,-221,502,-2)
(971,-224,502,-2)
(973,-226,502,-2)
(975,-229,502,-2)
(977,-231,502,-2)
(979,-234,502,-2)
(981,-236,502,-2)
(982,-239,502,-2)
(984,-242,502,-2)
(986,-244,502,-2)
(988,-247,502,-2)
(990,-249,502,-2)
(992,-252,502,-2)
(994,-254,502,-2)
(996,-257,502,-2)
(998,-260,502,-2)
(1000,-262,502,-2)
(1001,-265,502,-2)
(1003,-267,502,-2)
(1005,-270,502,-2)
(1007,-272,502,-2)
(1009,-275,502,-2)
(1011,-278,502,-2)
(1013,-280,502,-2)
(1015,-283,502,-2)
(1017,-285,502,-2)
(1019,-288,502,-2)
(1020,-290,502,-2)
(1022,-293,502,-2)
(1024,-296,502,-2)
(1026,-298,502,-2)
(1028,-301,502,-2)
(1030,-303,502,-2)
(1032,-306,502,-2)
(1034,-308,502,-2)
(1036,-311,502,-2)
(1038,-314,502,-2)
(1040,-316,502,-2)
(1041,-319,502,-2)
(1043,-321,502,-2)
(1045,-324,502,-2)
(1047,-326,502,-2)
(1049,-329,502,-2)
(1051,-332,502,-2)
(1053,-334,502,-2)
(1055,-337,502,-2)
(1057,-339,502,-2)
(1059,-342,502,-2)
(1061,-344,502,-2)
(1062,-347,502,-2)
(1064,-350,502,-2)
(1066,-352,502,-2)
(1068,-355,502,-2)
(1070,-357,502,-2)
(1072,-360,502,-2)
(1074,-362,502,-2)
(1076,-365,502,-2)
(1078,-368,502,-2)
(1080,-370,502,-2)
(1082,-373,502,-2)
(1083,-375,502,-2)
(1085,-378,502,-2)
(1087,-380,502,-2)
(1089,-383,502,-2)
(1091,-385,502,-2)
(1093,-388,502,-2)
(1095,-391,502,-2)
(1097,-393,502,-2)
(1099,-396,502,-2)
(1101,-398,502,-2)
(1103,-401,502,-2)
(1104,-404,502,-2)
(1106,-406,502,-2)
(1108,-409,502,-2)
(1110,-411,502,-2)
(1112,-414,502,-2)
(1114,-416,502,-2)
(1116,-419,502,-2)
(1118,-421,502,-2)
(1120,-424,502,-2)
(1122,-427,502,-2)
(1124,-429,502,-2)
(1125,-432,502,-2)
(1127,-434,502,-2)
(1129,-437,502,-2)
(1131,-440,502,-2)
(1133,-442,502,-2)
(1135,-445,502,-2)
(1137,-447,502,-2)
(1139,-450,502,-2)
(1141,-452,502,-2)
(1143,-455,502,-2)
(1144,-457,502,-2)
(1146,-460,502,-2)
(1148,-463,502,-2)
(1150,-465,502,-2)
(1152,-468,502,-2)
(1154,-470,502,-2)
(1156,-473,502,-2)
(1158,-475,502,-2)
(1160,-478,502,-2)
(1162,-481,502,-2)
(1164,-483,502,-2)
(1165,-486,502,-2)
(1167,-488,502,-2)
(1169,-491,502,-2)
(1171,-494,502,-2)
(1173,-496,502,-2)
(1175,-499,502,-2)
(1177,-501,502,-2)
(1179,-504,502,-2)
(1181,-506,502,-2)
(1183,-509,502,-2)
(1185,-511,502,-2)
(1186,-514,502,-2)
(1188,-517,502,-2)
(1190,-519,502,-2)
(1192,-522,502,-2)
(1194,-524,502,-2)
(1196,-527,502,-2)
(1198,-530,502,-2)
(1200,-532,502,-2)
(1202,-535,502,-2)
(1204,-537,502,-2)
(1205,-540,502,-2)
(1207,-542,502,-2)
(1209,-545,502,-2)
(1211,-547,502,-2)
(1213,-550,502,-2)
(1215,-553,502,-2)
(1217,-555,502,-2)
(1219,-558,502,-2)
(1221,-560,502,-2)
(1223,-563,502,-2)
(1225,-565,502,-2)
(1226,-568,502,-2)
(1228,-571,502,-2)
(1230,-573,502,-2)
(1232,-576,502,-2)
(1234,-578,502,-2)
(1236,-581,502,-2)
(1238,-583,502,-2)
(1240,-586,502,-2)
(1242,-589,502,-2)
(1244,-591,502,-2)
(1246,-594,502,-2)
(1247,-596,502,-2)
(1249,-599,502,-2)
(1251,-601,502,-2)
(1253,-604,502,-2)
(1255,-607,502,-2)
(1257,-609,502,-2)
(1259,-612,502,-2)
(1261,-614,502,-2)
(1263,-617,502,-2)
(1265,-619,502,-2)
(1266,-622,502,-2)
(1268,-625,502,-2)
(1270,-627,502,-2)
(1272,-630,502,-2)
(1274,-632,502,-2)
(1276,-635,502,-2)
(1278,-637,502,-2)
(1280,-640,502,-2)
(1282,-643,502,-2)
(1284,-645,502,-2)
(1286,-648,502,-2)
(1287,-650,502,-2)
(1289,-653,502,-2)
(1291,-655,502,-2)
(1293,-658,502,-2)
(1295,-661,502,-2)
(1297,-663,502,-2)
(1299,-666,502,-2)
(1301,-668,502,-2)
(1303,-671,502,-2)
(1305,-673,502,-2)
(1307,-676,502,-2)
(1308,-679,502,-2)
(1310,-681,502,-2)
(1312,-684,502,-2)
(1314,-686,502,-2)
(1316,-689,502,-2)
(1318,-691,502,-2)
(1320,-694,502,-2)
(1322,-697,502,-2)
(1324,-699,502,-2)
(1326,-702,502,-2)
(1328,-704,502,-2)
(1329,-707,502,-2)
(1331,-709,502,-2)
(1333,-712,502,-2)
(1335,-715,502,-2)
(1337,-717,502,-2)
(1339,-720,502,-2)
(1341,-722,502,-2)
(1343,-725,502,-2)
(1345,-727,502,-2)
(1347,-730,502,-2)
(1348,-732,502,-2)
(1350,-735,502,-2)
(1352,-738,502,-2)
(1354,-740,502,-2)
(1356,-743,502,-2)
(1358,-745,502,-2)
(1360,-748,502,-2)
(1362,-751,502,-2)
(1364,-753,502,-2)
(1366,-756,502,-2)
(1368,-758,502,-2)
(1369,-761,502,-2)
(1371,-763,502,-2)
(1373,-766,502,-2)
(1375,-768,502,-2)
(1377,-771,502,-2)
(1379,-774,502,-2)
(1381,-776,502,-2)
(1383,-779,502,-2)
(1385,-781,502,-2)
(1387,-784,502,-2)
(1388,-786,502,-2)
(1390,-789,502,-2)
(1392,-792,501,-2)
(1394,-794,501,-2)
(1396,-797,501,-2)
(1398,-799,501,-2)
(1400,-802,501,-2)
(1402,-804,501,-2)
(1404,-807,501,-2)
(1406,-810,501,-2)
(1408,-812,501,-2)
(1409,-815,501,-2)
(1411,-817,501,-2)
