0,1,2,3,4
(562,318,251,-2)
(559,317,251,-2)
(556,316,251,-2)
(553,315,252,-2)
(551,314,252,-2)
(548,314,252,-2)
(545,313,253,-2)
(542,312,253,-2)
(539,311,253,-2)
(537,310,253,-2)
(534,309,254,-2)
(531,308,254,-2)
(528,307,254,-2)
(525,306,254,-2)
(522,305,254,-2)
(519,305,254,-2)
(516,304,254,-2)
(513,303,254,-2)
(510,302,254,-2)
(506,301,254,-2)
(503,300,254,-2)
(500,299,254,-2)
(497,299,254,-2)
(494,298,254,-2)
(491,297,254,-2)
(488,296,254,-2)
(485,295,254,-2)
(482,294,254,-2)
(479,293,254,-2)
(476,293,254,-2)
(473,292,254,-2)
(470,291,254,-2)
(467,290,254,-2)
(464,289,254,-2)
(461,288,254,-2)
(458,287,254,-2)
(455,287,254,-2)
(452,286,254,-2)
(449,285,254,-2)
(445,284,254,-2)
(442,283,254,-2)
(439,282,254,-2)
(436,282,254,-2)
(433,281,254,-2)
(430,280,254,-2)
(427,279,254,-2)
(424,278,254,-2)
(421,277,254,-2)
(418,276,254,-2)
(415,276,254,-2)
(412,275,254,-2)
(409,274,254,-2)
(406,273,254,-2)
(403,272,254,-2)
(400,271,254,-2)
(397,270,254,-2)
(394,269,254,-2)
(391,269,254,-2)
(388,268,254,-2)
(384,267,254,-2)
(381,266,254,-2)
(378,265,254,-2)
(375,264,254,-2)
(372,264,254,-2)
(369,263,254,-2)
(366,262,254,-2)
(363,261,254,-2)
(360,260,254,-2)
(357,259,254,-2)
(354,258,254,-2)
(351,258,254,-2)
(348,257,254,-2)
(345,256,254,-2)
(342,255,254,-2)
(339,254,254,-2)
(336,253,254,-2)
(333,253,253,-2)
(330,252,253,-2)
(327,251,253,-2)
(323,250,253,-2)
(320,249,253,-2)
(317,248,253,-2)
(314,247,253,-2)
(311,246,253,-2)
(308,246,253,-2)
(305,245,253,-2)
(302,244,253,-2)
(299,243,253,-2)
(296,242,253,-2)
(293,241,253,-2)
(290,241,253,-2)
(287,240,253,-2)
(284,239,253,-2)
(281,238,253,-2)
(278,237,253,-2)
(275,236,253,-2)
(272,235,253,-2)
(269,235,253,-2)
(265,234,253,-2)
(263,233,253,-2)
(259,232,253,-2)
(256,231,253,-2)
(253,230,253,-2)
(250,229,253,-2)
(247,229,253,-2)
(244,228,253,-2)
(241,227,253,-2)
(238,226,253,-2)
(235,225,253,-2)
(232,224,253,-2)
(229,224,253,-2)
(226,223,253,-2)
(223,222,253,-2)
(220,221,253,-2)
(217,220,253,-2)
(214,219,253,-2)
(211,218,253,-2)
(208,217,253,-2)
(205,217,253,-2)
(201,216,253,-2)
(198,215,253,-2)
(195,214,253,-2)
(192,213,253,-2)
(189,212,253,-2)
(186,211,253,-2)
(183,211,253,-2)
(180,210,253,-2)
(177,209,253,-2)
(174,208,253,-2)
(171,207,253,-2)
(168,206,253,-2)
(165,206,253,-2)
(162,205,253,-2)
(159,204,253,-2)
(156,203,253,-2)
(153,202,253,-2)
(150,201,253,-2)
(147,200,253,-2)
(143,200,253,-2)
(141,199,253,-2)
(137,198,253,-2)
(135,197,253,-2)
(131,196,253,-2)
(128,195,253,-2)
(125,194,253,-2)
(122,194,253,-2)
(119,193,253,-2)
(116,192,253,-2)
(113,191,253,-2)
(110,190,253,-2)
(107,189,253,-2)
(104,188,253,-2)
(101,188,253,-2)
(98,187,253,-2)
(95,186,253,-2)
(92,185,253,-2)
(89,184,253,-2)
(86,183,253,-2)
(83,183,253,-2)
(80,182,253,-2)
(76,181,253,-2)
(73,180,253,-2)
(70,179,253,-2)
(67,178,253,-2)
(64,177,253,-2)
(61,177,253,-2)
(58,176,253,-2)
(55,175,253,-2)
(52,174,253,-2)
(49,173,253,-2)
(46,172,253,-2)
(43,171,253,-2)
(40,171,253,-2)
(37,170,253,-2)
(34,169,253,-2)
(31,168,253,-2)
(28,167,253,-2)
(25,166,253,-2)
(22,165,253,-2)
(19,165,253,-2)
(15,164,253,-2)
(12,163,253,-2)
(9,162,253,-2)
(6,161,253,-2)
(3,160,253,-2)
(0,159,253,-2)
(-2,159,253,-2)
(-5,158,253,-2)
(-8,157,253,-2)
(-11,156,253,-2)
(-14,155,253,-2)
(-17,154,253,-2)
(-20,153,253,-2)
(-23,153,253,-2)
(-26,152,253,-2)
(-29,151,253,-2)
(-32,150,253,-2)
(-35,149,253,-2)
(-38,148,252,-2)
(-42,148,252,-2)
(-45,147,252,-2)
(-48,146,252,-2)
(-51,145,252,-2)
(-54,144,252,-2)
(-57,143,252,-2)
(-60,142,252,-2)
(-63,142,252,-2)
(-66,141,252,-2)
(-69,140,252,-2)
(-72,139,252,-2)
(-75,138,252,-2)
(-78,137,252,-2)
(-81,136,252,-2)
(-84,136,252,-2)
(-87,135,252,-2)
(-90,134,252,-2)
(-93,133,252,-2)
(-96,132,252,-2)
(-99,131,252,-2)
(-103,130,252,-2)
(-106,130,252,-2)
(-109,129,252,-2)
(-112,128,252,-2)
(-115,127,252,-2)
(-118,126,252,-2)
(-121,125,252,-2)
(-124,124,252,-2)
(-127,124,252,-2)
(-130,123,252,-2)
(-133,122,252,-2)
(-136,121,252,-2)
(-139,120,252,-2)
(-142,119,252,-2)
(-145,119,252,-2)
(-148,118,252,-2)
(-151,117,252,-2)
(-154,116,252,-2)
(-157,115,252,-2)
(-160,114,252,-2)
(-164,113,252,-2)
(-167,113,252,-2)
(-170,112,252,-2)
(-173,111,252,-2)
(-176,110,252,-2)
(-179,109,252,-2)
(-182,108,252,-2)
(-185,107,252,-2)
(-188,107,252,-2)
(-191,106,252,-2)
(-194,105,252,-2)
(-197,104,252,-2)
(-200,103,252,-2)
(-203,102,252,-2)
(-206,101,252,-2)
(-209,101,252,-2)
(-212,100,252,-2)
(-215,99,252,-2)
(-218,98,252,-2)
(-221,97,252,-2)
(-224,96,252,-2)
(-228,95,252,-2)
(-231,95,252,-2)
(-234,94,252,-2)
(-237,93,252,-2)
(-240,92,252,-2)
(-243,91,252,-2)
(-246,90,252,-2)
(-249,89,252,-2)
(-252,89,252,-2)
(-255,88,252,-2)
(-258,87,252,-2)
(-261,86,252,-2)
(-264,85,252,-2)
(-267,84,252,-2)
(-270,84,252,-2)
(-273,83,252,-2)
(-276,82,252,-2)
(-279,81,252,-2)
(-283,80,252,-2)
(-285,79,252,-2)
(-289,78,252,-2)
(-292,78,252,-2)
(-295,77,252,-2)
(-298,76,252,-2)
(-301,75,252,-2)
(-304,74,252,-2)
(-307,73,252,-2)
(-310,72,252,-2)
(-313,72,252,-2)
(-316,71,252,-2)
(-319,70,252,-2)
(-322,69,252,-2)
(-325,68,252,-2)
(-328,67,252,-2)
(-331,67,252,-2)
(-334,66,252,-2)
(-337,65,252,-2)
(-340,64,252,-2)
(-343,63,252,-2)
(-347,62,252,-2)
(-349,61,252,-2)
(-353,61,252,-2)
(-356,60,252,-2)
(-359,59,252,-2)
(-362,58,252,-2)
(-365,57,252,-2)
(-368,56,252,-2)
(-371,55,252,-2)
(-374,55,252,-2)
(-377,54,252,-2)
(-380,53,252,-2)
(-383,52,252,-2)
(-386,51,252,-2)
(-389,50,252,-2)
(-392,49,252,-2)
(-395,48,252,-2)
(-398,48,252,-2)
(-401,47,252,-2)
(-404,46,252,-2)
(-408,45,252,-2)
(-411,44,252,-2)
(-414,43,251,-2)
(-417,43,251,-2)
(-420,42,251,-2)
(-423,41,251,-2)
(-426,40,251,-2)
(-429,39,251,-2)
(-432,38,251,-2)
(-435,37,251,-2)
(-438,37,251,-2)
(-441,36,251,-2)
(-444,35,251,-2)
(-447,34,251,-2)
(-450,33,251,-2)
(-453,32,251,-2)
(-456,31,251,-2)
(-459,31,251,-2)
(-462,30,251,-2)
(-465,29,251,-2)
(-468,28,251,-2)
(-471,27,251,-2)
(-475,26,251,-2)
(-478,26,251,-2)
(-481,25,251,-2)
(-484,24,251,-2)
(-487,23,251,-2)
(-490,22,251,-2)
(-493,21,251,-2)
(-496,20,251,-2)
(-499,20,251,-2)
(-502,19,251,-2)
(-505,18,251,-2)
(-508,17,251,-2)
(-511,16,251,-2)
(-514,15,251,-2)
(-517,14,251,-2)
(-520,14,251,-2)
(-523,13,251,-2)
(-526,12,251,-2)
(-529,11,251,-2)
(-533,10,251,-2)
(-536,9,251,-2)
(-539,8,251,-2)
(-542,8,251,-2)
(-545,7,251,-2)
(-548,6,251,-2)
(-551,5,251,-2)
(-554,4,251,-2)
(-557,3,251,-2)
(-560,2,251,-2)
(-563,2,251,-2)
(-566,1,251,-2)
(-569,0,251,-2)
(-572,0,251,-2)
(-575,-1,251,-2)
(-578,-2,251,-2)
(-581,-3,251,-2)
(-584,-3,251,-2)
(-587,-4,251,-2)
(-590,-5,251,-2)
(-593,-6,251,-2)
(-597,-7,251,-2)
(-600,-8,251,-2)
(-603,-9,251,-2)
(-606,-9,251,-2)
(-609,-10,251,-2)
(-612,-11,251,-2)
(-615,-12,251,-2)
(-618,-13,251,-2)
(-621,-14,251,-2)
(-624,-14,251,-2)
(-627,-15,251,-2)
(-630,-16,251,-2)
(-633,-17,251,-2)
(-636,-18,251,-2)
(-639,-19,251,-2)
(-642,-20,251,-2)
(-645,-20,251,-2)
(-648,-21,251,-2)
(-651,-22,251,-2)
(-655,-23,251,-2)
(-658,-24,251,-2)
(-661,-25,251,-2)
(-664,-26,251,-2)
(-667,-27,251,-2)
(-670,-27,251,-2)
(-673,-28,251,-2)
(-676,-29,251,-2)
(-679,-30,251,-2)
(-682,-31,251,-2)
(-685,-32,251,-2)
(-688,-32,251,-2)
(-691,-33,251,-2)
(-694,-34,251,-2)
(-697,-35,251,-2)
(-700,-36,251,-2)
(-703,-37,251,-2)
(-706,-38,251,-2)
(-709,-38,251,-2)
(-712,-39,251,-2)
(-716,-40,251,-2)
(-719,-41,251,-2)
(-722,-42,251,-2)
(-725,-43,251,-2)
(-728,-44,251,-2)
(-731,-44,251,-2)
(-734,-45,251,-2)
(-737,-46,251,-2)
(-740,-47,251,-2)
(-743,-48,251,-2)
(-746,-49,251,-2)
(-749,-50,251,-2)
(-752,-50,251,-2)
(-755,-51,251,-2)
(-758,-52,251,-2)
(-761,-53,251,-2)
(-764,-54,251,-2)
(-767,-55,251,-2)
(-770,-55,251,-2)
(-773,-56,251,-2)
(-776,-57,251,-2)
(-780,-58,251,-2)
(-783,-59,251,-2)
