0,1,2,3,4
(564,317,223,-2)
(562,314,223,-2)
(560,312,223,-2)
(558,310,223,-2)
(556,308,223,-2)
(554,306,223,-2)
(552,303,223,-2)
(549,301,223,-2)
(547,299,223,-2)
(545,297,223,-2)
(543,295,223,-2)
(541,292,224,-2)
(539,290,223,-2)
(536,288,223,-2)
(534,286,223,-2)
(532,284,223,-2)
(529,281,223,-2)
(527,279,223,-2)
(525,277,223,-2)
(523,275,223,-2)
(520,272,223,-2)
(518,270,223,-2)
(516,268,223,-2)
(514,266,223,-2)
(511,263,223,-2)
(509,261,223,-2)
(507,259,223,-2)
(504,257,223,-2)
(502,255,223,-2)
(500,252,223,-2)
(498,250,223,-2)
(495,248,223,-2)
(493,246,223,-2)
(491,243,223,-2)
(489,241,223,-2)
(486,239,223,-2)
(484,237,223,-2)
(482,234,223,-2)
(480,232,223,-2)
(477,230,223,-2)
(475,228,223,-2)
(473,226,223,-2)
(471,223,223,-2)
(468,221,223,-2)
(466,219,223,-2)
(464,217,223,-2)
(462,214,223,-2)
(459,212,223,-2)
(457,210,223,-2)
(455,208,223,-2)
(452,205,223,-2)
(450,203,223,-2)
(448,201,223,-2)
(446,199,223,-2)
(443,197,223,-2)
(441,194,223,-2)
(439,192,223,-2)
(437,190,223,-2)
(434,188,223,-2)
(432,185,223,-2)
(430,183,223,-2)
(428,181,223,-2)
(425,179,223,-2)
(423,176,223,-2)
(421,174,223,-2)
(419,172,223,-2)
(416,170,223,-2)
(414,168,223,-2)
(412,165,223,-2)
(409,163,223,-2)
(407,161,223,-2)
(405,159,223,-2)
(403,156,223,-2)
(400,154,223,-2)
(398,152,223,-2)
(396,150,223,-2)
(394,147,223,-2)
(391,145,223,-2)
(389,143,223,-2)
(387,141,223,-2)
(385,139,223,-2)
(382,136,223,-2)
(380,134,223,-2)
(378,132,223,-2)
(375,130,223,-2)
(373,127,223,-2)
(371,125,223,-2)
(369,123,223,-2)
(366,121,223,-2)
(364,118,223,-2)
(362,116,223,-2)
(360,114,223,-2)
(357,112,223,-2)
(355,110,223,-2)
(353,107,223,-2)
(351,105,223,-2)
(348,103,223,-2)
(346,101,223,-2)
(344,98,223,-2)
(341,96,223,-2)
(339,94,223,-2)
(337,92,223,-2)
(335,89,223,-2)
(332,87,223,-2)
(330,85,223,-2)
(328,83,223,-2)
(326,80,223,-2)
(323,78,223,-2)
(321,76,223,-2)
(319,74,223,-2)
(317,72,223,-2)
(314,69,223,-2)
(312,67,223,-2)
(310,65,223,-2)
(307,63,223,-2)
(305,60,223,-2)
(303,58,223,-2)
(301,56,223,-2)
(298,54,223,-2)
(296,51,223,-2)
(294,49,223,-2)
(292,47,223,-2)
(289,45,223,-2)
(287,43,223,-2)
(285,40,223,-2)
(283,38,223,-2)
(280,36,223,-2)
(278,34,223,-2)
(276,31,223,-2)
(274,29,223,-2)
(271,27,223,-2)
(269,25,223,-2)
(267,23,223,-2)
(264,20,223,-2)
(262,18,223,-2)
(260,16,223,-2)
(258,14,223,-2)
(255,11,223,-2)
(253,9,223,-2)
(251,7,223,-2)
(249,5,223,-2)
(246,2,223,-2)
(244,0,223,-2)
(242,-1,223,-2)
(240,-3,223,-2)
(237,-6,223,-2)
(235,-8,223,-2)
(233,-10,223,-2)
(231,-12,223,-2)
(228,-14,223,-2)
(226,-17,223,-2)
(224,-19,223,-2)
(221,-21,223,-2)
(219,-23,223,-2)
(217,-26,223,-2)
(215,-28,223,-2)
(212,-30,223,-2)
(210,-32,223,-2)
(208,-35,223,-2)
(206,-37,223,-2)
(203,-39,223,-2)
(201,-41,223,-2)
(199,-43,223,-2)
(196,-46,223,-2)
(194,-48,223,-2)
(192,-50,223,-2)
(190,-52,223,-2)
(187,-55,223,-2)
(185,-57,223,-2)
(183,-59,223,-2)
(181,-61,223,-2)
(178,-64,223,-2)
(176,-66,223,-2)
(174,-68,223,-2)
(172,-70,223,-2)
(169,-73,223,-2)
(167,-75,223,-2)
(165,-77,223,-2)
(163,-79,223,-2)
(160,-81,223,-2)
(158,-84,223,-2)
(156,-86,223,-2)
(153,-88,223,-2)
(151,-90,223,-2)
(149,-93,223,-2)
(147,-95,223,-2)
(144,-97,223,-2)
(142,-99,223,-2)
(140,-102,223,-2)
(138,-104,223,-2)
(135,-106,223,-2)
(133,-108,223,-2)
(131,-110,223,-2)
(129,-113,223,-2)
(126,-115,223,-2)
(124,-117,223,-2)
(122,-119,223,-2)
(119,-122,223,-2)
(117,-124,223,-2)
(115,-126,223,-2)
(113,-128,223,-2)
(110,-130,223,-2)
(108,-133,223,-2)
(106,-135,223,-2)
(104,-137,223,-2)
(101,-139,223,-2)
(99,-142,223,-2)
(97,-144,223,-2)
(95,-146,223,-2)
(92,-148,223,-2)
(90,-151,223,-2)
(88,-153,223,-2)
(86,-155,223,-2)
(83,-157,223,-2)
(81,-160,223,-2)
(79,-162,223,-2)
(77,-164,223,-2)
(74,-166,223,-2)
(72,-169,223,-2)
(70,-171,223,-2)
(67,-173,223,-2)
(65,-175,223,-2)
(63,-177,223,-2)
(61,-180,223,-2)
(58,-182,223,-2)
(56,-184,223,-2)
(54,-186,223,-2)
(52,-189,223,-2)
(49,-191,223,-2)
(47,-193,223,-2)
(45,-195,223,-2)
(42,-197,223,-2)
(40,-200,223,-2)
(38,-202,223,-2)
(36,-204,223,-2)
(33,-206,223,-2)
(31,-209,223,-2)
(29,-211,223,-2)
(27,-213,223,-2)
(24,-215,223,-2)
(22,-218,223,-2)
(20,-220,223,-2)
(18,-222,223,-2)
(15,-224,223,-2)
(13,-226,223,-2)
(11,-229,223,-2)
(9,-231,223,-2)
(6,-233,223,-2)
(4,-235,223,-2)
(2,-238,223,-2)
(0,-240,223,-2)
(-2,-242,223,-2)
(-4,-244,223,-2)
(-6,-246,223,-2)
(-9,-249,223,-2)
(-11,-251,223,-2)
(-13,-253,223,-2)
(-15,-255,223,-2)
(-18,-258,223,-2)
(-20,-260,223,-2)
(-22,-262,223,-2)
(-25,-264,223,-2)
(-27,-267,223,-2)
(-29,-269,223,-2)
(-31,-271,223,-2)
(-34,-273,223,-2)
(-36,-276,223,-2)
(-38,-278,223,-2)
(-40,-280,223,-2)
(-43,-282,223,-2)
(-45,-284,223,-2)
(-47,-287,223,-2)
(-49,-289,223,-2)
(-52,-291,223,-2)
(-54,-293,223,-2)
(-56,-296,223,-2)
(-58,-298,223,-2)
(-61,-300,223,-2)
(-63,-302,223,-2)
(-65,-305,223,-2)
(-68,-307,223,-2)
(-70,-309,223,-2)
(-72,-311,223,-2)
(-74,-313,223,-2)
(-77,-316,223,-2)
(-79,-318,223,-2)
(-81,-320,223,-2)
(-83,-322,223,-2)
(-86,-325,223,-2)
(-88,-327,223,-2)
(-90,-329,223,-2)
(-92,-331,223,-2)
(-95,-334,223,-2)
(-97,-336,223,-2)
(-99,-338,223,-2)
(-102,-340,223,-2)
(-104,-343,223,-2)
(-106,-345,223,-2)
(-108,-347,223,-2)
(-111,-349,223,-2)
(-113,-351,223,-2)
(-115,-354,223,-2)
(-117,-356,223,-2)
(-120,-358,223,-2)
(-122,-360,223,-2)
(-124,-363,223,-2)
(-126,-365,223,-2)
(-129,-367,223,-2)
(-131,-369,223,-2)
(-133,-371,223,-2)
(-135,-374,223,-2)
(-138,-376,223,-2)
(-140,-378,223,-2)
(-142,-380,223,-2)
(-145,-383,223,-2)
(-147,-385,223,-2)
(-149,-387,223,-2)
(-151,-389,223,-2)
(-154,-392,223,-2)
(-156,-394,223,-2)
(-158,-396,223,-2)
(-160,-398,223,-2)
(-163,-400,223,-2)
(-165,-403,223,-2)
(-167,-405,223,-2)
(-170,-407,223,-2)
(-172,-409,223,-2)
(-174,-412,223,-2)
(-176,-414,223,-2)
(-179,-416,223,-2)
(-181,-418,223,-2)
(-183,-421,223,-2)
(-185,-423,223,-2)
(-188,-425,223,-2)
(-190,-427,223,-2)
(-192,-429,223,-2)
(-194,-432,223,-2)
(-197,-434,223,-2)
(-199,-436,223,-2)
(-201,-438,223,-2)
(-203,-441,223,-2)
(-206,-443,223,-2)
(-208,-445,223,-2)
(-210,-447,223,-2)
(-213,-450,223,-2)
(-215,-452,223,-2)
(-217,-454,223,-2)
(-219,-456,223,-2)
(-222,-458,223,-2)
(-224,-461,223,-2)
(-226,-463,223,-2)
(-228,-465,223,-2)
(-231,-467,223,-2)
(-233,-470,223,-2)
(-235,-472,223,-2)
(-237,-474,223,-2)
(-240,-476,223,-2)
(-242,-479,223,-2)
(-244,-481,223,-2)
(-246,-483,223,-2)
(-249,-485,223,-2)
(-251,-487,223,-2)
(-253,-490,223,-2)
(-256,-492,223,-2)
(-258,-494,223,-2)
(-260,-496,223,-2)
(-262,-499,223,-2)
(-265,-501,223,-2)
(-267,-503,223,-2)
(-269,-505,223,-2)
(-271,-508,223,-2)
(-274,-510,223,-2)
(-276,-512,223,-2)
(-278,-514,223,-2)
(-280,-517,223,-2)
(-283,-519,223,-2)
(-285,-521,223,-2)
(-287,-523,223,-2)
(-289,-525,223,-2)
(-292,-528,223,-2)
(-294,-530,223,-2)
(-296,-532,223,-2)
(-299,-534,223,-2)
(-301,-537,223,-2)
(-303,-539,223,-2)
(-305,-541,223,-2)
(-308,-543,223,-2)
(-310,-546,223,-2)
(-312,-548,223,-2)
(-314,-550,223,-2)
(-317,-552,223,-2)
(-319,-554,223,-2)
(-321,-557,223,-2)
(-323,-559,223,-2)
(-326,-561,223,-2)
(-328,-563,223,-2)
(-330,-566,223,-2)
(-333,-568,223,-2)
(-335,-570,223,-2)
(-337,-572,223,-2)
(-339,-575,223,-2)
(-342,-577,223,-2)
(-344,-579,223,-2)
(-346,-581,223,-2)
(-348,-583,223,-2)
(-351,-586,223,-2)
(-353,-588,223,-2)
(-355,-590,223,-2)
(-357,-592,223,-2)
(-360,-595,223,-2)
(-362,-597,223,-2)
(-364,-599,223,-2)
(-366,-601,223,-2)
(-369,-604,223,-2)
(-371,-606,223,-2)
(-373,-608,223,-2)
(-376,-610,223,-2)
(-378,-612,223,-2)
(-380,-615,223,-2)
(-382,-617,223,-2)
(-385,-619,223,-2)
(-387,-621,223,-2)
(-389,-624,223,-2)
(-391,-626,223,-2)
(-394,-628,223,-2)
(-396,-630,223,-2)
(-398,-633,223,-2)
(-400,-635,223,-2)
(-403,-637,223,-2)
(-405,-639,223,-2)
(-407,-641,223,-2)
(-410,-644,223,-2)
(-412,-646,223,-2)
(-414,-648,223,-2)
(-416,-650,223,-2)
(-419,-653,223,-2)
(-421,-655,223,-2)
(-423,-657,223,-2)
(-425,-659,223,-2)
(-428,-662,223,-2)
(-430,-664,223,-2)
(-432,-666,223,-2)
(-434,-668,223,-2)
