0,1,2,3,4
(563,320,295,-2)
(560,322,295,-2)
(557,323,295,-2)
(555,324,295,-2)
(552,326,295,-2)
(549,327,295,-2)
(547,328,295,-2)
(544,330,295,-2)
(541,331,295,-2)
(539,332,295,-2)
(536,333,295,-2)
(533,335,295,-2)
(531,336,295,-2)
(528,338,295,-2)
(525,339,295,-2)
(522,340,295,-2)
(519,342,295,-2)
(516,343,295,-2)
(514,345,295,-2)
(511,346,295,-2)
(508,347,295,-2)
(505,349,295,-2)
(502,350,295,-2)
(499,352,295,-2)
(497,353,295,-2)
(494,354,295,-2)
(491,356,295,-2)
(488,357,295,-2)
(485,359,295,-2)
(482,360,295,-2)
(480,361,295,-2)
(477,363,295,-2)
(474,364,295,-2)
(471,366,295,-2)
(468,367,295,-2)
(465,368,295,-2)
(463,370,295,-2)
(460,371,295,-2)
(457,373,295,-2)
(454,374,295,-2)
(451,376,295,-2)
(449,377,295,-2)
(446,378,295,-2)
(443,380,295,-2)
(440,381,295,-2)
(437,383,295,-2)
(434,384,295,-2)
(432,385,295,-2)
(429,387,295,-2)
(426,388,295,-2)
(423,390,295,-2)
(420,391,295,-2)
(417,392,295,-2)
(415,394,295,-2)
(412,395,295,-2)
(409,397,295,-2)
(406,398,295,-2)
(403,399,295,-2)
(400,401,295,-2)
(398,402,295,-2)
(395,404,295,-2)
(392,405,295,-2)
(389,406,295,-2)
(386,408,295,-2)
(383,409,295,-2)
(381,411,295,-2)
(378,412,295,-2)
(375,414,295,-2)
(372,415,295,-2)
(369,416,295,-2)
(367,418,295,-2)
(364,419,295,-2)
(361,421,295,-2)
(358,422,295,-2)
(355,423,295,-2)
(352,425,295,-2)
(350,426,295,-2)
(347,428,295,-2)
(344,429,295,-2)
(341,430,295,-2)
(338,432,295,-2)
(335,433,295,-2)
(333,435,295,-2)
(330,436,295,-2)
(327,437,295,-2)
(324,439,295,-2)
(321,440,295,-2)
(318,442,295,-2)
(316,443,295,-2)
(313,444,295,-2)
(310,446,295,-2)
(307,447,295,-2)
(304,449,295,-2)
(301,450,295,-2)
(299,451,295,-2)
(296,453,295,-2)
(293,454,295,-2)
(290,456,295,-2)
(287,457,295,-2)
(285,458,295,-2)
(282,460,295,-2)
(279,461,295,-2)
(276,463,295,-2)
(273,464,295,-2)
(270,465,295,-2)
(268,467,295,-2)
(265,468,295,-2)
(262,470,295,-2)
(259,471,295,-2)
(256,473,295,-2)
(253,474,295,-2)
(251,475,295,-2)
(248,477,295,-2)
(245,478,295,-2)
(242,480,295,-2)
(239,481,295,-2)
(236,482,295,-2)
(234,484,295,-2)
(231,485,295,-2)
(228,487,295,-2)
(225,488,295,-2)
(222,489,295,-2)
(219,491,295,-2)
(217,492,295,-2)
(214,494,295,-2)
(211,495,295,-2)
(208,496,295,-2)
(205,498,295,-2)
(202,499,295,-2)
(200,501,295,-2)
(197,502,295,-2)
(194,503,295,-2)
(191,505,295,-2)
(188,506,295,-2)
(185,508,295,-2)
(183,509,295,-2)
(180,511,295,-2)
(177,512,295,-2)
(174,513,295,-2)
(171,515,295,-2)
(168,516,295,-2)
(166,518,295,-2)
(163,519,295,-2)
(160,520,295,-2)
(157,522,295,-2)
(154,523,295,-2)
(152,525,295,-2)
(149,526,295,-2)
(146,527,295,-2)
(143,529,295,-2)
(140,530,295,-2)
(137,532,295,-2)
(135,533,295,-2)
(132,534,295,-2)
(129,536,295,-2)
(126,537,295,-2)
(123,539,295,-2)
(120,540,295,-2)
(118,541,295,-2)
(115,543,295,-2)
(112,544,295,-2)
(109,546,295,-2)
(106,547,295,-2)
(103,549,295,-2)
(101,550,295,-2)
(98,551,295,-2)
(95,553,295,-2)
(92,554,295,-2)
(89,556,295,-2)
(87,557,295,-2)
(84,558,295,-2)
(81,560,295,-2)
(78,561,295,-2)
(75,563,295,-2)
(72,564,295,-2)
(70,565,295,-2)
(67,567,295,-2)
(64,568,295,-2)
(61,570,295,-2)
(58,571,295,-2)
(55,572,295,-2)
(53,574,295,-2)
(50,575,295,-2)
(47,577,295,-2)
(44,578,295,-2)
(41,579,295,-2)
(38,581,295,-2)
(36,582,295,-2)
(33,584,295,-2)
(30,585,295,-2)
(27,586,295,-2)
(24,588,295,-2)
(21,589,295,-2)
(19,591,295,-2)
(16,592,295,-2)
(13,594,295,-2)
(10,595,295,-2)
(7,596,295,-2)
(4,598,295,-2)
(2,599,295,-2)
(0,601,295,-2)
(-3,602,295,-2)
(-6,603,295,-2)
(-9,605,295,-2)
(-11,606,295,-2)
(-14,608,295,-2)
(-17,609,295,-2)
(-20,610,295,-2)
(-23,612,295,-2)
(-26,613,295,-2)
(-29,615,295,-2)
(-31,616,295,-2)
(-34,618,295,-2)
(-37,619,295,-2)
(-40,620,295,-2)
(-43,622,295,-2)
(-45,623,295,-2)
(-48,624,295,-2)
(-51,626,295,-2)
(-54,627,295,-2)
(-57,629,295,-2)
(-60,630,295,-2)
(-62,632,296,-2)
(-65,633,296,-2)
(-68,634,296,-2)
(-71,636,296,-2)
(-74,637,296,-2)
(-77,639,296,-2)
(-79,640,296,-2)
(-82,641,296,-2)
(-85,643,296,-2)
(-88,644,296,-2)
(-91,646,296,-2)
(-94,647,296,-2)
(-96,648,296,-2)
(-99,650,296,-2)
(-102,651,296,-2)
(-105,653,296,-2)
(-108,654,296,-2)
(-111,655,296,-2)
(-113,657,296,-2)
(-116,658,296,-2)
(-119,660,296,-2)
(-122,661,296,-2)
(-125,662,296,-2)
(-128,664,296,-2)
(-130,665,296,-2)
(-133,667,296,-2)
(-136,668,296,-2)
(-139,669,296,-2)
(-142,671,296,-2)
(-144,672,296,-2)
(-147,674,296,-2)
(-150,675,296,-2)
(-153,677,296,-2)
(-156,678,296,-2)
(-159,679,296,-2)
(-161,681,296,-2)
(-164,682,296,-2)
(-167,684,296,-2)
(-170,685,296,-2)
(-173,686,296,-2)
(-176,688,296,-2)
(-178,689,296,-2)
(-181,691,296,-2)
(-184,692,296,-2)
(-187,693,296,-2)
(-190,695,296,-2)
(-193,696,296,-2)
(-195,698,296,-2)
(-198,699,296,-2)
(-201,700,296,-2)
(-204,702,296,-2)
(-207,703,296,-2)
(-210,705,296,-2)
(-212,706,296,-2)
(-215,707,296,-2)
(-218,709,296,-2)
(-221,710,296,-2)
(-224,712,296,-2)
(-226,713,296,-2)
(-229,715,296,-2)
(-232,716,296,-2)
(-235,717,296,-2)
(-238,719,296,-2)
(-241,720,296,-2)
(-243,722,296,-2)
(-246,723,296,-2)
(-249,724,296,-2)
(-252,726,296,-2)
(-255,727,296,-2)
(-258,729,296,-2)
(-260,730,296,-2)
(-263,731,296,-2)
(-266,733,296,-2)
(-269,734,296,-2)
(-272,736,296,-2)
(-275,737,296,-2)
(-277,738,296,-2)
(-280,740,296,-2)
(-283,741,296,-2)
(-286,743,296,-2)
(-289,744,296,-2)
(-292,745,296,-2)
(-294,747,296,-2)
(-297,748,296,-2)
(-300,750,296,-2)
(-303,751,296,-2)
(-306,752,296,-2)
(-309,754,296,-2)
(-311,755,296,-2)
(-314,757,296,-2)
(-317,758,296,-2)
(-320,760,296,-2)
(-323,761,296,-2)
(-326,762,296,-2)
(-328,764,296,-2)
(-331,765,296,-2)
(-334,767,296,-2)
(-337,768,296,-2)
(-340,769,296,-2)
(-342,771,296,-2)
(-345,772,296,-2)
(-348,774,296,-2)
(-351,775,296,-2)
(-354,776,296,-2)
(-357,778,296,-2)
(-359,779,296,-2)
(-362,781,296,-2)
(-365,782,296,-2)
(-368,783,296,-2)
(-371,785,296,-2)
(-374,786,296,-2)
(-376,788,296,-2)
(-379,789,296,-2)
(-382,790,296,-2)
(-385,792,296,-2)
(-388,793,296,-2)
(-390,795,296,-2)
(-393,796,296,-2)
(-396,797,296,-2)
(-399,799,296,-2)
(-402,800,296,-2)
(-405,802,296,-2)
(-408,803,296,-2)
(-410,805,296,-2)
(-413,806,296,-2)
(-416,807,296,-2)
(-419,809,296,-2)
(-422,810,296,-2)
(-424,812,296,-2)
(-427,813,296,-2)
(-430,814,296,-2)
(-433,816,296,-2)
(-436,817,296,-2)
(-439,819,296,-2)
(-441,820,296,-2)
(-444,821,296,-2)
(-447,823,296,-2)
(-450,824,296,-2)
(-453,826,296,-2)
(-456,827,296,-2)
(-458,828,296,-2)
(-461,830,296,-2)
(-464,831,296,-2)
(-467,833,296,-2)
(-470,834,296,-2)
(-473,835,296,-2)
(-475,837,296,-2)
(-478,838,296,-2)
(-481,840,296,-2)
(-484,841,296,-2)
(-487,843,296,-2)
(-490,844,296,-2)
(-492,845,296,-2)
(-495,847,296,-2)
(-498,848,296,-2)
(-501,849,296,-2)
(-504,851,296,-2)
(-506,852,296,-2)
(-509,854,296,-2)
(-512,855,296,-2)
(-515,857,296,-2)
(-518,858,296,-2)
(-521,859,296,-2)
(-523,861,296,-2)
(-526,862,296,-2)
(-529,864,296,-2)
(-532,865,296,-2)
(-535,866,296,-2)
(-538,868,296,-2)
(-540,869,296,-2)
(-543,871,296,-2)
(-546,872,296,-2)
(-549,873,296,-2)
(-552,875,296,-2)
(-555,876,296,-2)
(-557,878,296,-2)
(-560,879,296,-2)
(-563,880,296,-2)
(-566,882,296,-2)
(-569,883,296,-2)
(-571,885,296,-2)
(-574,886,296,-2)
(-577,887,296,-2)
(-580,889,296,-2)
(-583,890,296,-2)
(-586,892,296,-2)
(-589,893,296,-2)
(-591,895,296,-2)
(-594,896,296,-2)
(-597,897,296,-2)
(-600,899,296,-2)
(-603,900,296,-2)
(-606,902,296,-2)
(-608,903,296,-2)
(-611,904,296,-2)
(-614,906,296,-2)
(-617,907,296,-2)
(-620,909,296,-2)
(-622,910,296,-2)
(-625,911,296,-2)
(-628,913,296,-2)
(-631,914,296,-2)
(-634,916,296,-2)
(-637,917,296,-2)
(-639,918,296,-2)
(-642,920,296,-2)
(-645,921,296,-2)
(-648,923,296,-2)
(-651,924,296,-2)
(-654,926,296,-2)
(-656,927,296,-2)
(-659,928,296,-2)
(-662,930,296,-2)
(-665,931,296,-2)
(-668,932,296,-2)
(-670,934,296,-2)
(-673,935,296,-2)
(-676,937,296,-2)
(-679,938,296,-2)
(-682,940,296,-2)
(-685,941,297,-2)
