0,1,3
(594,956,180,-2)
(594,950,180,-2)
(594,944,180,-2)
(594,938,180,-2)
(594,932,180,-2)
(594,926,180,-2)
(594,920,180,-2)
(594,914,180,-2)
(594,908,180,-2)
(594,902,180,-2)
(594,896,180,-2)
(594,890,180,-2)
(594,884,180,-2)
(594,878,180,-2)
(594,872,180,-2)
(594,866,180,-2)
(594,860,180,-2)
(594,854,180,-2)
(594,848,180,-2)
(594,842,180,-2)
(594,836,180,-2)
(594,830,180,-2)
(594,824,180,-2)
(594,818,180,-2)
(594,812,180,-2)
(594,806,180,-2)
(594,800,180,-2)
(594,794,180,-2)
(594,788,180,-2)
(594,782,180,-2)
(594,776,180,-2)
(594,770,180,-2)
(594,764,180,-2)
(594,758,180,-2)
(594,752,180,-2)
(594,746,180,-2)
(594,740,180,-2)
(593,734,183,-2)
(593,728,183,-2)
(593,722,183,-2)
(592,716,182,-2)
(592,710,182,-2)
(592,704,182,-2)
(592,698,182,-2)
(592,692,182,-2)
(592,686,182,-2)
(592,680,182,-2)
(593,674,175,-2)
(593,671,175,-2)
(594,665,170,-2)
(595,659,168,-2)
(596,653,167,-2)
(598,647,165,-2)
(599,642,164,-2)
(601,636,163,-2)
(603,630,162,-2)
(605,625,161,-2)
(607,619,160,-2)
(609,613,159,-2)
(611,608,159,-2)
(613,602,158,-2)
(616,596,157,-2)
(618,591,157,-2)
(618,590,157,-2)
(619,588,152,-2)
(620,587,152,-2)
(621,585,151,-2)
(622,583,151,-2)
(623,581,150,-2)
(624,580,150,-2)
(625,578,149,-2)
(626,576,149,-2)
(627,574,148,-2)
(628,573,148,-2)
(629,571,148,-2)
(631,569,147,-2)
(632,568,147,-2)
(633,566,147,-2)
(634,564,146,-2)
(635,563,146,-2)
(636,561,146,-2)
(637,559,145,-2)
(638,558,145,-2)
(640,556,145,-2)
(641,554,144,-2)
(642,553,144,-2)
(643,551,144,-2)
(644,549,144,-2)
(645,548,143,-2)
(647,546,143,-2)
(648,545,143,-2)
(649,543,142,-2)
(650,541,142,-2)
(652,540,142,-2)
(653,538,141,-2)
(654,537,141,-2)
(655,535,141,-2)
(657,534,140,-2)
(658,532,140,-2)
(659,530,139,-2)
(661,529,139,-2)
(662,527,138,-2)
(663,526,138,-2)
(665,524,137,-2)
(666,523,137,-2)
(667,522,136,-2)
(668,521,135,-2)
(670,519,135,-2)
(671,518,134,-2)
(672,517,133,-2)
(674,515,133,-2)
(675,514,132,-2)
(677,513,131,-2)
(678,511,131,-2)
(680,510,130,-2)
(681,509,130,-2)
(683,507,130,-2)
(685,506,129,-2)
(686,505,129,-2)
(688,504,128,-2)
(689,502,128,-2)
(691,501,128,-2)
(692,500,127,-2)
(694,499,127,-2)
(696,498,126,-2)
(697,496,126,-2)
(699,495,126,-2)
(700,494,125,-2)
(702,493,125,-2)
(704,492,125,-2)
(705,491,125,-2)
(707,489,124,-2)
(709,488,124,-2)
(710,487,124,-2)
(712,486,123,-2)
(714,485,123,-2)
(715,484,123,-2)
(717,483,122,-2)
(719,482,122,-2)
(721,481,122,-2)
(722,480,121,-2)
(724,479,121,-2)
(726,478,121,-2)
(727,477,120,-2)
(729,475,120,-2)
(730,475,120,-2)
(732,474,119,-2)
(733,473,118,-2)
(735,472,118,-2)
(737,471,117,-2)
(739,470,117,-2)
(741,469,116,-2)
(742,469,116,-2)
(744,468,115,-2)
(746,467,115,-2)
(748,466,114,-2)
(750,465,114,-2)
(752,464,114,-2)
(753,464,114,-2)
(755,463,113,-2)
(757,462,113,-2)
(759,461,112,-2)
(761,460,112,-2)
(763,460,112,-2)
(764,459,112,-2)
(766,458,111,-2)
(768,458,111,-2)
(770,457,111,-2)
(772,456,111,-2)
(774,455,110,-2)
(776,455,110,-2)
(778,454,110,-2)
(779,453,109,-2)
(781,453,109,-2)
(783,452,109,-2)
(785,451,109,-2)
(787,451,109,-2)
(789,450,108,-2)
(791,450,108,-2)
(793,449,107,-2)
(795,448,107,-2)
(797,448,107,-2)
(798,447,107,-2)
(800,447,107,-2)
(802,446,106,-2)
(804,446,106,-2)
(806,445,105,-2)
(808,444,105,-2)
(810,444,105,-2)
(811,444,105,-2)
(813,443,103,-2)
(815,443,103,-2)
(817,442,102,-2)
(819,442,102,-2)
(821,442,102,-2)
(823,441,100,-2)
(825,441,100,-2)
(827,441,100,-2)
(829,440,99,-2)
(831,440,99,-2)
(833,440,99,-2)
(835,439,99,-2)
(837,439,99,-2)
(839,439,99,-2)
(841,438,98,-2)
(843,438,98,-2)
(845,438,98,-2)
(847,438,98,-2)
(849,437,98,-2)
(851,437,98,-2)
(852,437,98,-2)
(854,436,98,-2)
(856,436,98,-2)
(858,436,98,-2)
(860,436,98,-2)
(862,435,98,-2)
(864,435,98,-2)
(866,435,98,-2)
(868,434,99,-2)
(870,434,99,-2)
(872,434,99,-2)
(874,433,100,-2)
(876,433,100,-2)
(878,433,100,-2)
(880,432,101,-2)
(882,432,101,-2)
(884,432,101,-2)
(886,431,103,-2)
(888,431,103,-2)
(890,430,104,-2)
(891,430,104,-2)
(893,429,105,-2)
(895,429,105,-2)
(897,428,105,-2)
(899,428,105,-2)
(901,427,106,-2)
(903,427,106,-2)
(905,426,106,-2)
(906,426,106,-2)
(908,425,107,-2)
(910,425,107,-2)
(912,424,107,-2)
(914,423,107,-2)
(916,423,107,-2)
(918,422,108,-2)
(920,422,108,-2)
(922,421,109,-2)
(924,420,109,-2)
(926,420,109,-2)
(927,419,110,-2)
(929,418,110,-2)
(931,418,110,-2)
(933,417,111,-2)
(935,416,111,-2)
(937,415,112,-2)
(939,415,112,-2)
(941,414,113,-2)
(942,413,114,-2)
(944,412,114,-2)
(946,411,115,-2)
(948,411,115,-2)
(950,410,116,-2)
(951,409,117,-2)
(953,408,118,-2)
(955,407,119,-2)
(957,406,120,-2)
(958,405,121,-2)
(960,404,122,-2)
(962,403,123,-2)
(964,402,124,-2)
(965,401,126,-2)
(966,400,124,-2)
(968,399,126,-2)
(969,398,127,-2)
(971,396,128,-2)
(972,395,129,-2)
(974,394,130,-2)
(976,393,130,-2)
(977,391,131,-2)
(979,390,132,-2)
(980,389,133,-2)
(982,387,133,-2)
(983,386,134,-2)
(984,384,135,-2)
(986,383,135,-2)
(987,382,136,-2)
(989,380,137,-2)
(990,379,137,-2)
(991,377,138,-2)
(993,376,138,-2)
(994,374,139,-2)
(995,373,140,-2)
(997,371,140,-2)
(998,370,141,-2)
(999,368,142,-2)
(1000,366,142,-2)
(1002,365,143,-2)
(1003,363,144,-2)
(1004,362,144,-2)
(1005,360,145,-2)
(1006,358,146,-2)
(1007,357,147,-2)
(1009,355,148,-2)
(1010,353,149,-2)
(1011,351,149,-2)
(1012,350,150,-2)
(1013,348,152,-2)
(1014,346,153,-2)
(1014,344,153,-2)
(1015,343,155,-2)
(1016,341,157,-2)
(1017,339,158,-2)
(1018,337,160,-2)
(1018,336,160,-2)
(1019,334,160,-2)
(1019,332,160,-2)
(1020,330,163,-2)
(1021,328,164,-2)
(1021,326,164,-2)
(1022,324,166,-2)
(1022,322,166,-2)
(1022,320,166,-2)
(1023,319,169,-2)
(1023,317,169,-2)
(1024,315,171,-2)
(1024,313,171,-2)
(1024,311,171,-2)
(1024,309,171,-2)
(1025,307,173,-2)
(1025,305,173,-2)
(1025,302,173,-2)
(1025,300,173,-2)
(1026,298,175,-2)
(1026,296,175,-2)
(1026,294,175,-2)
(1026,292,175,-2)
(1026,290,175,-2)
(1026,288,175,-2)
(1026,286,175,-2)
(1026,284,175,-2)
(1026,282,175,-2)
(1026,280,175,-2)
(1026,278,175,-2)
(1027,276,180,-2)
(1027,274,180,-2)
(1027,272,180,-2)
(1026,270,181,-2)
(1026,268,181,-2)
(1026,266,181,-2)
(1026,264,181,-2)
(1026,262,181,-2)
(1026,260,181,-2)
(1026,258,181,-2)
(1026,256,181,-2)
(1026,254,181,-2)
(1026,252,181,-2)
(1025,250,185,-2)
(1025,248,185,-2)
(1025,246,185,-2)
(1025,245,185,-2)
(1025,243,185,-2)
(1024,241,187,-2)
(1024,239,187,-2)
(1024,237,187,-2)
(1024,235,187,-2)
(1023,233,191,-2)
(1023,231,191,-2)
(1022,229,193,-2)
(1022,227,193,-2)
(1021,225,194,-2)
(1021,223,194,-2)
(1020,221,195,-2)
(1020,219,195,-2)
(1019,218,196,-2)
(1019,216,196,-2)
(1018,214,197,-2)
(1017,212,198,-2)
(1017,210,198,-2)
(1016,208,199,-2)
(1016,206,199,-2)
(1015,204,200,-2)
(1014,202,200,-2)
(1014,200,200,-2)
(1013,199,201,-2)
(1012,197,201,-2)
(1011,195,201,-2)
(1011,193,201,-2)
(1010,191,202,-2)
(1009,189,202,-2)
(1008,187,202,-2)
(1008,185,202,-2)
(1007,184,203,-2)
(1006,182,203,-2)
(1005,180,203,-2)
(1004,178,204,-2)
(1004,176,204,-2)
(1003,174,204,-2)
(1002,173,204,-2)
(1001,171,204,-2)
(1000,169,204,-2)
(1000,168,204,-2)
(999,166,202,-2)
(998,164,202,-2)
(998,162,202,-2)
(997,161,202,-2)
(996,159,203,-2)
(995,157,203,-2)
(995,155,203,-2)
(994,153,203,-2)
(993,151,203,-2)
(992,149,204,-2)
(991,147,204,-2)
(991,146,204,-2)
(990,144,204,-2)
(989,142,205,-2)
(988,140,205,-2)
(987,138,205,-2)
(986,136,206,-2)
(985,135,206,-2)
(985,133,206,-2)
(984,131,207,-2)
(983,129,208,-2)
(982,127,208,-2)
(981,126,209,-2)
(980,124,210,-2)
(979,122,210,-2)
(978,120,211,-2)
(977,119,212,-2)
(976,117,213,-2)
(974,115,214,-2)
(973,114,215,-2)
(972,112,216,-2)
(971,110,217,-2)
(970,109,218,-2)
(968,107,220,-2)
(967,106,221,-2)
(966,104,223,-2)
(964,103,225,-2)
(963,101,227,-2)
(961,100,230,-2)
(960,99,233,-2)
(959,98,233,-2)
(957,97,235,-2)
(956,96,238,-2)
(954,95,240,-2)
(952,94,242,-2)
(950,93,244,-2)
(949,92,245,-2)
(947,91,246,-2)
(945,90,248,-2)
(943,90,248,-2)
(941,89,250,-2)
(939,88,251,-2)
(937,88,251,-2)
(935,87,253,-2)
(934,86,253,-2)
(932,86,253,-2)
(930,85,255,-2)
(928,85,255,-2)
(926,84,256,-2)
(924,84,256,-2)
(922,83,257,-2)
(920,83,257,-2)
(918,82,259,-2)
(916,82,259,-2)
(914,82,259,-2)
(912,81,260,-2)
(910,81,260,-2)
(908,81,260,-2)
(906,80,262,-2)
(904,80,262,-2)
(902,80,262,-2)
(900,80,262,-2)
(898,79,263,-2)
(896,79,263,-2)
(894,79,263,-2)
(892,79,263,-2)
(890,79,263,-2)
(888,78,266,-2)
(886,78,266,-2)
(884,78,266,-2)
(882,78,266,-2)
(881,78,266,-2)
(879,78,266,-2)
(877,78,266,-2)
(875,78,266,-2)
(873,78,266,-2)
(871,78,266,-2)
(869,78,266,-2)
(867,78,266,-2)
(865,78,266,-2)
(863,78,266,-2)
(861,78,266,-2)
(859,79,275,-2)
(857,79,275,-2)
(855,79,275,-2)
(853,79,275,-2)
(851,79,275,-2)
(849,80,277,-2)
(847,80,277,-2)
(845,80,277,-2)
(843,81,278,-2)
(841,81,278,-2)
(839,81,278,-2)
(837,81,278,-2)
(835,82,280,-2)
(833,82,280,-2)
(831,82,280,-2)
(829,83,281,-2)
(827,83,281,-2)
(825,84,281,-2)
(823,84,281,-2)
(821,84,281,-2)
(819,85,283,-2)
(817,85,283,-2)
(815,86,283,-2)
(814,86,283,-2)
(812,87,284,-2)
(810,87,284,-2)
(808,88,285,-2)
(806,88,285,-2)
(804,89,286,-2)
(802,89,286,-2)
(800,90,286,-2)
(799,90,286,-2)
(797,91,289,-2)
(795,92,290,-2)
(793,92,290,-2)
(791,93,291,-2)
(790,94,291,-2)
(788,94,291,-2)
(786,95,292,-2)
(784,96,293,-2)
(782,97,293,-2)
(780,98,294,-2)
(778,98,294,-2)
(777,99,294,-2)
(775,100,295,-2)
(773,101,295,-2)
(771,102,295,-2)
(769,103,296,-2)
(767,104,296,-2)
(766,104,296,-2)
(764,105,297,-2)
(762,106,297,-2)
(760,107,297,-2)
(758,108,298,-2)
(757,109,298,-2)
(755,110,298,-2)
(753,111,298,-2)
(751,112,299,-2)
(750,113,299,-2)
(748,114,299,-2)
(746,115,300,-2)
(744,116,300,-2)
(743,117,300,-2)
(741,118,301,-2)
(739,119,301,-2)
(737,120,302,-2)
(736,121,302,-2)
(734,122,303,-2)
(732,123,303,-2)
(731,124,304,-2)
(729,125,304,-2)
(728,126,304,-2)
(726,127,305,-2)
(725,128,306,-2)
(723,130,307,-2)
(721,131,307,-2)
(720,132,308,-2)
(718,133,308,-2)
(717,134,309,-2)
(715,136,309,-2)
(714,137,310,-2)
(712,138,310,-2)
(710,140,311,-2)
(709,141,311,-2)
(707,142,311,-2)
(706,144,312,-2)
(704,145,312,-2)
(703,146,313,-2)
(701,148,313,-2)
(700,149,313,-2)
(698,150,314,-2)
(697,152,314,-2)
(696,153,314,-2)
(694,155,315,-2)
(693,156,315,-2)
(691,158,315,-2)
(690,159,316,-2)
(688,160,316,-2)
(687,162,317,-2)
(686,163,317,-2)
(684,165,317,-2)
(683,166,318,-2)
(682,168,318,-2)
(680,169,319,-2)
(679,171,319,-2)
(678,172,320,-2)
(676,174,320,-2)
(675,176,321,-2)
(674,177,321,-2)
(672,179,322,-2)
(671,180,323,-2)
(670,182,323,-2)
(669,183,326,-2)
(668,184,326,-2)
(667,186,326,-2)
(666,188,326,-2)
(665,189,326,-2)
(664,191,326,-2)
(663,193,326,-2)
(662,194,326,-2)
(660,196,327,-2)
(659,198,327,-2)
(658,199,327,-2)
(657,201,327,-2)
(656,203,328,-2)
(655,205,328,-2)
(654,206,328,-2)
(653,208,329,-2)
(652,210,329,-2)
(651,211,329,-2)
(650,213,330,-2)
(649,215,330,-2)
(648,217,331,-2)
(647,218,331,-2)
(646,220,332,-2)
(645,222,332,-2)
(644,224,333,-2)
(643,225,334,-2)
(642,227,334,-2)
(641,229,335,-2)
(641,231,335,-2)
(640,233,337,-2)
(639,235,338,-2)
(638,237,339,-2)
(638,238,339,-2)
(637,240,342,-2)
(636,242,343,-2)
(636,244,343,-2)
(635,246,347,-2)
(635,248,347,-2)
(635,250,347,-2)
(634,252,354,-2)
(634,254,354,-2)
(634,256,354,-2)
(634,257,354,-2)
(634,259,354,-2)
(634,261,354,-2)
(635,263,11,-2)
(635,265,11,-2)
(636,267,16,-2)
(636,269,16,-2)
(637,271,19,-2)
(638,273,21,-2)
(638,275,21,-2)
(639,276,23,-2)
(640,278,25,-2)
(641,280,26,-2)
(642,282,27,-2)
(643,284,27,-2)
(644,285,28,-2)
(645,287,29,-2)
(646,289,30,-2)
(647,291,30,-2)
(648,292,31,-2)
(649,294,31,-2)
(650,296,32,-2)
(651,298,32,-2)
(652,299,33,-2)
(653,301,33,-2)
(654,303,34,-2)
(655,304,34,-2)
(656,306,35,-2)
(657,308,35,-2)
(659,309,35,-2)
(660,311,36,-2)
(661,313,36,-2)
(662,314,36,-2)
(663,316,36,-2)
(665,317,37,-2)
(666,319,37,-2)
(667,321,37,-2)
(668,322,37,-2)
(669,324,38,-2)
(671,325,38,-2)
(672,327,38,-2)
(673,329,38,-2)
(674,330,38,-2)
(675,331,40,-2)
(676,333,41,-2)
(678,334,42,-2)
(679,336,43,-2)
(680,337,43,-2)
(682,338,44,-2)
(683,340,45,-2)
(685,341,45,-2)
(686,343,46,-2)
(687,344,46,-2)
(689,345,47,-2)
(690,347,47,-2)
(692,348,48,-2)
(693,350,48,-2)
(695,351,49,-2)
(696,352,49,-2)
(698,353,50,-2)
(699,355,50,-2)
(701,356,50,-2)
(703,357,51,-2)
(704,359,51,-2)
(706,360,51,-2)
(707,361,52,-2)
(709,362,52,-2)
(710,364,52,-2)
(712,365,52,-2)
(714,366,53,-2)
(715,367,53,-2)
(717,368,53,-2)
(718,370,54,-2)
(720,371,54,-2)
(722,372,54,-2)
(723,373,54,-2)
(725,374,55,-2)
(727,376,55,-2)
(728,377,55,-2)
(730,378,55,-2)
(731,379,56,-2)
(733,380,56,-2)
(735,381,56,-2)
(736,382,57,-2)
(738,383,57,-2)
(739,384,57,-2)
(741,385,57,-2)
(742,386,58,-2)
(744,387,58,-2)
(746,388,59,-2)
(748,389,59,-2)
(749,390,59,-2)
(751,391,59,-2)
(753,392,60,-2)
(754,393,60,-2)
(756,394,60,-2)
(758,395,61,-2)
(760,396,61,-2)
(761,397,61,-2)
(763,398,61,-2)
(765,399,61,-2)
(767,400,62,-2)
(769,401,62,-2)
(770,402,62,-2)
(772,403,62,-2)
(774,404,62,-2)
(776,405,63,-2)
(777,406,63,-2)
(779,407,63,-2)
(781,408,63,-2)
(783,409,63,-2)
(785,409,63,-2)
(786,410,64,-2)
(788,411,64,-2)
(790,412,64,-2)
(792,413,65,-2)
(794,414,65,-2)
(795,415,65,-2)
(797,416,65,-2)
(799,416,65,-2)
(801,417,66,-2)
(803,418,66,-2)
(805,419,66,-2)
(806,420,67,-2)
(808,420,67,-2)
(810,421,67,-2)
(812,422,67,-2)
(813,422,67,-2)
(815,423,66,-2)
(817,424,67,-2)
(818,425,67,-2)
(820,426,67,-2)
(822,426,67,-2)
(824,427,68,-2)
(826,428,68,-2)
(828,429,68,-2)
(830,429,68,-2)
(831,430,69,-2)
(833,431,69,-2)
(835,432,69,-2)
(837,432,69,-2)
(839,433,69,-2)
(841,434,70,-2)
(843,434,70,-2)
(845,435,70,-2)
(846,436,70,-2)
(848,436,70,-2)
(850,437,70,-2)
(852,438,70,-2)
(854,438,70,-2)
(856,439,70,-2)
(858,440,71,-2)
(860,440,71,-2)
(862,441,71,-2)
(863,442,71,-2)
(865,442,71,-2)
(867,443,71,-2)
(869,444,71,-2)
(871,444,71,-2)
(873,445,71,-2)
(875,446,71,-2)
(877,446,71,-2)
(879,447,71,-2)
(881,448,71,-2)
(882,448,71,-2)
(884,449,71,-2)
(886,450,71,-2)
(888,450,71,-2)
(890,451,71,-2)
(891,451,71,-2)
(893,452,71,-2)
(895,453,71,-2)
(897,453,71,-2)
(899,454,70,-2)
(900,455,70,-2)
(902,455,70,-2)
(904,456,70,-2)
(906,457,70,-2)
(908,457,70,-2)
(910,458,70,-2)
(912,459,70,-2)
(914,459,70,-2)
(916,460,70,-2)
(918,461,70,-2)
(919,461,70,-2)
(921,462,70,-2)
(923,463,70,-2)
(925,463,70,-2)
(927,464,70,-2)
(929,465,70,-2)
(931,466,71,-2)
(933,466,71,-2)
(935,467,71,-2)
(936,468,71,-2)
(938,468,71,-2)
(940,469,71,-2)
(942,470,71,-2)
(944,470,71,-2)
(946,471,71,-2)
(948,471,71,-2)
(950,472,71,-2)
(952,473,71,-2)
(954,473,71,-2)
(956,474,72,-2)
(957,475,72,-2)
(959,475,72,-2)
(961,476,72,-2)
(963,477,72,-2)
(965,477,72,-2)
(967,478,73,-2)
(968,478,73,-2)
(974,480,73,-2)
(980,482,73,-2)
(985,483,73,-2)
(991,485,74,-2)
(997,487,74,-2)
(1003,488,74,-2)
(1009,490,75,-2)
(1014,491,76,-2)
(1020,493,76,-2)
(1026,494,77,-2)
(1032,496,79,-2)
(1038,497,80,-2)
(1044,498,82,-2)
(1047,498,82,-2)
(1057,499,84,-2)
(1067,500,85,-2)
(1077,501,86,-2)
(1087,501,86,-2)
(1097,502,87,-2)
(1107,502,87,-2)
(1117,503,88,-2)
(1127,503,88,-2)
(1127,503,88,-2)
(1137,503,88,-2)
(1147,503,88,-2)
(1157,503,88,-2)
(1167,503,88,-2)
(1177,503,88,-2)
(1187,503,88,-2)
(1197,503,88,-2)
(1207,503,88,-2)
(1217,503,88,-2)
(1227,503,88,-2)
(1237,503,88,-2)
(1247,503,88,-2)
(1257,503,88,-2)
(1267,503,88,-2)
(1277,503,88,-2)
(1287,503,88,-2)
(1297,503,88,-2)
(1307,503,88,-2)
(1317,503,88,-2)
(1327,503,88,-2)
(1337,503,88,-2)
(1347,503,88,-2)
