0,1,3
(1362,813,215,-2)
(1359,808,215,-2)
(1356,803,215,-2)
(1353,798,215,-2)
(1350,793,215,-2)
(1347,788,215,-2)
(1344,783,215,-2)
(1341,778,215,-2)
(1338,773,215,-2)
(1335,768,215,-2)
(1332,763,215,-2)
(1329,758,215,-2)
(1326,753,215,-2)
(1323,748,215,-2)
(1320,743,215,-2)
(1317,738,215,-2)
(1314,733,215,-2)
(1311,728,215,-2)
(1308,723,215,-2)
(1305,718,215,-2)
(1302,713,215,-2)
(1299,708,215,-2)
(1296,703,215,-2)
(1293,698,215,-2)
(1290,693,215,-2)
(1287,688,215,-2)
(1284,683,215,-2)
(1281,678,215,-2)
(1278,673,215,-2)
(1275,668,215,-2)
(1272,663,215,-2)
(1269,658,215,-2)
(1266,653,215,-2)
(1263,648,215,-2)
(1260,643,215,-2)
(1256,638,215,-2)
(1253,633,216,-2)
(1249,628,216,-2)
(1246,623,216,-2)
(1242,618,216,-2)
(1238,613,216,-2)
(1235,608,217,-2)
(1231,603,217,-2)
(1227,598,217,-2)
(1223,593,217,-2)
(1220,588,217,-2)
(1216,583,218,-2)
(1212,578,218,-2)
(1210,576,218,-2)
(1206,571,218,-2)
(1203,566,217,-2)
(1199,561,217,-2)
(1195,556,217,-2)
(1191,551,218,-2)
(1188,547,218,-2)
(1184,542,218,-2)
(1180,537,219,-2)
(1176,532,220,-2)
(1172,528,220,-2)
(1168,523,222,-2)
(1164,518,223,-2)
(1160,514,223,-2)
(1158,512,226,-2)
(1154,508,227,-2)
(1149,504,228,-2)
(1145,500,229,-2)
(1140,496,229,-2)
(1135,492,230,-2)
(1131,488,231,-2)
(1126,484,232,-2)
(1121,481,232,-2)
(1117,477,233,-2)
(1112,473,234,-2)
(1107,470,235,-2)
(1102,466,236,-2)
(1097,463,236,-2)
(1096,462,238,-2)
(1094,461,239,-2)
(1093,460,239,-2)
(1091,459,240,-2)
(1089,458,240,-2)
(1087,457,241,-2)
(1086,456,241,-2)
(1084,455,241,-2)
(1082,454,242,-2)
(1080,453,242,-2)
(1079,453,242,-2)
(1077,452,243,-2)
(1075,451,243,-2)
(1073,450,243,-2)
(1071,449,243,-2)
(1070,448,243,-2)
(1068,447,244,-2)
(1066,446,244,-2)
(1064,445,244,-2)
(1062,444,244,-2)
(1061,444,244,-2)
(1059,443,244,-2)
(1057,442,244,-2)
(1055,441,245,-2)
(1053,440,245,-2)
(1052,439,245,-2)
(1050,438,245,-2)
(1048,437,245,-2)
(1046,437,245,-2)
(1044,436,245,-2)
(1042,435,245,-2)
(1041,434,245,-2)
(1039,433,245,-2)
(1037,432,245,-2)
(1035,432,245,-2)
(1033,431,245,-2)
(1031,430,246,-2)
(1030,429,246,-2)
(1028,428,246,-2)
(1026,427,246,-2)
(1025,427,246,-2)
(1023,426,246,-2)
(1021,425,245,-2)
(1020,424,245,-2)
(1018,424,245,-2)
(1016,423,245,-2)
(1014,422,245,-2)
(1012,421,246,-2)
(1010,420,246,-2)
(1009,419,246,-2)
(1007,419,246,-2)
(1005,418,246,-2)
(1003,417,246,-2)
(1001,416,246,-2)
(999,415,246,-2)
(998,415,246,-2)
(996,414,246,-2)
(994,413,246,-2)
(992,412,246,-2)
(990,411,246,-2)
(988,411,246,-2)
(986,410,247,-2)
(985,409,247,-2)
(983,408,247,-2)
(981,407,247,-2)
(979,407,247,-2)
(977,406,248,-2)
(975,405,248,-2)
(974,404,248,-2)
(972,404,248,-2)
(970,403,248,-2)
(968,402,249,-2)
(966,401,249,-2)
(964,401,249,-2)
(962,400,250,-2)
(960,399,250,-2)
(958,399,250,-2)
(957,398,251,-2)
(955,397,251,-2)
(953,397,251,-2)
(951,396,252,-2)
(949,395,253,-2)
(948,395,253,-2)
(946,395,253,-2)
(944,394,256,-2)
(942,394,256,-2)
(940,393,257,-2)
(938,393,257,-2)
(936,392,258,-2)
(934,392,258,-2)
(932,391,258,-2)
(930,391,258,-2)
(928,391,258,-2)
(926,390,259,-2)
(925,390,259,-2)
(923,389,259,-2)
(921,389,259,-2)
(919,389,259,-2)
(917,388,260,-2)
(915,388,260,-2)
(913,388,260,-2)
(911,387,261,-2)
(909,387,261,-2)
(907,387,261,-2)
(905,386,261,-2)
(903,386,261,-2)
(901,386,261,-2)
(899,386,261,-2)
(897,385,262,-2)
(895,385,262,-2)
(893,385,262,-2)
(891,384,263,-2)
(889,384,263,-2)
(887,384,263,-2)
(885,384,263,-2)
(883,384,263,-2)
(881,383,264,-2)
(879,383,264,-2)
(877,383,264,-2)
(875,383,264,-2)
(873,382,265,-2)
(871,382,265,-2)
(869,382,265,-2)
(868,382,265,-2)
(866,382,265,-2)
(864,382,265,-2)
(862,382,265,-2)
(860,382,265,-2)
(858,382,265,-2)
(856,382,265,-2)
(854,382,265,-2)
(852,381,269,-2)
(850,381,269,-2)
(848,381,269,-2)
(846,381,269,-2)
(844,381,269,-2)
(842,381,269,-2)
(840,381,269,-2)
(838,381,269,-2)
(836,381,269,-2)
(834,381,269,-2)
(832,381,269,-2)
(830,381,269,-2)
(828,381,269,-2)
(826,381,269,-2)
(824,381,269,-2)
(822,381,269,-2)
(820,381,269,-2)
(818,381,269,-2)
(816,381,269,-2)
(814,381,269,-2)
(812,381,269,-2)
(810,381,269,-2)
(808,381,269,-2)
(806,381,269,-2)
(804,381,269,-2)
(802,381,269,-2)
(800,381,269,-2)
(798,381,269,-2)
(796,381,269,-2)
(794,381,269,-2)
(792,381,269,-2)
(790,381,269,-2)
(788,381,269,-2)
(786,381,269,-2)
(785,381,269,-2)
(783,381,269,-2)
(781,381,269,-2)
(779,381,269,-2)
(777,381,269,-2)
(775,381,269,-2)
(773,381,269,-2)
(771,381,269,-2)
(769,381,269,-2)
(767,381,269,-2)
(765,382,273,-2)
(763,382,273,-2)
(761,382,273,-2)
(759,382,273,-2)
(757,382,273,-2)
(755,382,273,-2)
(753,382,273,-2)
(751,382,273,-2)
(749,382,273,-2)
(747,383,274,-2)
(745,383,274,-2)
(743,383,274,-2)
(741,383,274,-2)
(739,383,274,-2)
(737,383,274,-2)
(735,383,274,-2)
(733,383,274,-2)
(731,384,274,-2)
(729,384,274,-2)
(727,384,274,-2)
(725,384,274,-2)
(723,384,274,-2)
(721,384,274,-2)
(719,384,274,-2)
(717,384,274,-2)
(715,385,273,-2)
(713,385,273,-2)
(711,385,273,-2)
(709,385,273,-2)
(707,385,273,-2)
(706,385,273,-2)
(704,385,273,-2)
(702,385,273,-2)
(700,385,273,-2)
(698,385,273,-2)
(696,386,274,-2)
(694,386,274,-2)
(692,386,274,-2)
(690,386,274,-2)
(688,386,274,-2)
(686,386,274,-2)
(684,386,274,-2)
(682,386,274,-2)
(680,387,274,-2)
(678,387,274,-2)
(676,387,274,-2)
(674,387,274,-2)
(672,387,274,-2)
(670,387,274,-2)
(668,388,274,-2)
(666,388,274,-2)
(664,388,274,-2)
(662,388,274,-2)
(660,388,274,-2)
(658,388,274,-2)
(656,388,274,-2)
(654,388,274,-2)
(652,389,273,-2)
(650,389,273,-2)
(648,389,273,-2)
(646,389,273,-2)
(644,389,273,-2)
(642,389,273,-2)
(640,389,273,-2)
(638,389,273,-2)
(636,389,273,-2)
(634,389,273,-2)
(632,389,273,-2)
(630,389,273,-2)
(628,389,273,-2)
(626,389,273,-2)
(624,389,273,-2)
(622,389,273,-2)
(621,389,273,-2)
(619,389,273,-2)
(617,389,273,-2)
(615,389,273,-2)
(613,389,273,-2)
(611,389,273,-2)
(609,389,273,-2)
(607,389,273,-2)
(605,389,273,-2)
(603,388,267,-2)
(601,388,267,-2)
(599,388,267,-2)
(597,388,267,-2)
(595,388,267,-2)
(593,388,267,-2)
(591,388,267,-2)
(589,388,267,-2)
(587,387,265,-2)
(585,387,265,-2)
(583,387,265,-2)
(581,387,265,-2)
(579,387,265,-2)
(577,386,264,-2)
(575,386,264,-2)
(573,386,264,-2)
(571,386,264,-2)
(569,385,262,-2)
(567,385,262,-2)
(565,385,262,-2)
(563,385,262,-2)
(561,384,261,-2)
(559,384,261,-2)
(557,384,261,-2)
(555,383,260,-2)
(553,383,260,-2)
(551,382,259,-2)
(549,382,259,-2)
(547,382,259,-2)
(545,381,257,-2)
(543,381,257,-2)
(541,380,256,-2)
(540,380,256,-2)
(538,379,254,-2)
(536,379,254,-2)
(534,378,252,-2)
(532,378,252,-2)
(530,377,250,-2)
(529,376,250,-2)
(527,376,250,-2)
(525,375,248,-2)
(523,374,248,-2)
(521,373,247,-2)
(519,373,247,-2)
(517,372,246,-2)
(516,371,246,-2)
(514,370,245,-2)
(512,369,245,-2)
(510,368,245,-2)
(508,368,245,-2)
(507,367,244,-2)
(505,366,244,-2)
(503,365,243,-2)
(501,364,243,-2)
(499,363,243,-2)
(498,362,243,-2)
(496,361,242,-2)
(494,360,242,-2)
(492,359,242,-2)
(491,358,242,-2)
(489,358,242,-2)
(487,357,242,-2)
(485,356,241,-2)
(484,355,241,-2)
(482,354,241,-2)
(480,353,241,-2)
(478,352,241,-2)
(477,351,241,-2)
(475,350,241,-2)
(473,349,241,-2)
(471,348,241,-2)
(470,347,241,-2)
(468,346,241,-2)
(466,345,241,-2)
(465,345,241,-2)
(463,344,240,-2)
(462,343,239,-2)
(460,341,239,-2)
(458,340,238,-2)
(457,339,238,-2)
(455,338,237,-2)
(453,337,237,-2)
(451,336,236,-2)
(450,335,236,-2)
(448,334,236,-2)
(446,333,236,-2)
(445,332,236,-2)
(443,330,235,-2)
(442,329,235,-2)
(440,328,235,-2)
(438,327,235,-2)
(437,326,235,-2)
(435,325,235,-2)
(433,324,235,-2)
(432,322,235,-2)
(430,321,235,-2)
(428,320,235,-2)
(427,319,235,-2)
(425,318,236,-2)
(423,317,236,-2)
(422,316,236,-2)
(420,315,236,-2)
(418,313,236,-2)
(417,312,237,-2)
(415,311,237,-2)
(413,310,237,-2)
(412,309,237,-2)
(410,308,238,-2)
(408,307,238,-2)
(407,306,239,-2)
(405,305,239,-2)
(403,304,240,-2)
(401,303,240,-2)
(400,302,241,-2)
(398,301,242,-2)
(396,300,242,-2)
(394,299,243,-2)
(393,298,244,-2)
(391,297,245,-2)
(389,296,247,-2)
(388,296,247,-2)
(386,295,249,-2)
(384,295,249,-2)
(382,294,250,-2)
(380,293,250,-2)
(379,293,250,-2)
(377,292,251,-2)
(375,291,251,-2)
(373,291,251,-2)
(371,290,252,-2)
(369,289,253,-2)
(367,289,253,-2)
(365,288,253,-2)
(363,288,253,-2)
(361,287,254,-2)
(359,286,254,-2)
(357,286,254,-2)
(356,285,255,-2)
(354,285,255,-2)
(352,284,256,-2)
(350,284,256,-2)
(348,283,257,-2)
(346,283,257,-2)
(344,283,257,-2)
(342,282,258,-2)
(340,282,258,-2)
(338,281,259,-2)
(336,281,259,-2)
(334,281,259,-2)
(332,280,260,-2)
(330,280,260,-2)
(328,280,260,-2)
(326,279,262,-2)
(324,279,262,-2)
(322,279,262,-2)
(320,279,262,-2)
(318,278,265,-2)
(316,278,265,-2)
(314,278,265,-2)
(312,278,265,-2)
(310,278,265,-2)
(309,278,265,-2)
(307,278,265,-2)
(305,278,265,-2)
(303,278,265,-2)
(301,279,277,-2)
(299,279,277,-2)
(297,279,277,-2)
(295,279,277,-2)
(293,280,281,-2)
(291,280,281,-2)
(289,281,283,-2)
(287,281,283,-2)
(285,282,285,-2)
(283,282,285,-2)
(281,283,286,-2)
(279,283,286,-2)
(277,284,287,-2)
(275,284,287,-2)
(273,285,288,-2)
(272,286,288,-2)
(270,286,288,-2)
(268,287,289,-2)
(266,288,290,-2)
(264,288,290,-2)
(262,289,290,-2)
(260,290,291,-2)
(258,290,291,-2)
(256,291,291,-2)
(254,292,291,-2)
(253,293,292,-2)
(251,293,292,-2)
(249,294,292,-2)
(247,295,292,-2)
(245,296,292,-2)
(243,296,292,-2)
(241,297,292,-2)
(239,298,292,-2)
(238,299,292,-2)
(236,299,292,-2)
(234,300,292,-2)
(232,301,292,-2)
(231,301,292,-2)
(229,302,294,-2)
(227,303,295,-2)
(226,304,296,-2)
(224,305,296,-2)
(222,306,297,-2)
(220,307,297,-2)
(218,308,298,-2)
(217,308,298,-2)
(215,309,299,-2)
(213,310,299,-2)
(211,311,299,-2)
(210,312,299,-2)
(208,313,300,-2)
(206,314,300,-2)
(204,315,300,-2)
(203,316,301,-2)
(201,317,301,-2)
(199,318,301,-2)
(198,319,301,-2)
(196,320,301,-2)
(194,322,301,-2)
(192,323,302,-2)
(191,324,302,-2)
(189,325,302,-2)
(187,326,302,-2)
(186,327,302,-2)
(184,328,302,-2)
(182,329,302,-2)
(181,330,303,-2)
(179,331,303,-2)
(177,332,303,-2)
(175,333,303,-2)
(174,334,303,-2)
(172,335,303,-2)
(170,337,303,-2)
(169,338,303,-2)
(167,339,303,-2)
(165,340,303,-2)
(164,341,303,-2)
(162,342,303,-2)
(161,343,305,-2)
(160,344,305,-2)
(158,345,305,-2)
(156,346,306,-2)
(155,347,306,-2)
(153,348,306,-2)
(151,350,306,-2)
(150,351,307,-2)
(148,352,307,-2)
(147,353,307,-2)
(145,354,307,-2)
(143,356,308,-2)
(142,357,308,-2)
(140,358,308,-2)
(139,359,308,-2)
(137,361,308,-2)
(136,362,308,-2)
(134,363,309,-2)
(132,364,309,-2)
(131,366,309,-2)
(129,367,309,-2)
(128,368,309,-2)
(126,369,309,-2)
(125,371,310,-2)
(123,372,310,-2)
(122,373,310,-2)
(120,374,310,-2)
(118,376,310,-2)
(117,377,310,-2)
(115,378,311,-2)
(114,380,311,-2)
(112,381,311,-2)
(111,382,311,-2)
(109,384,311,-2)
(108,385,312,-2)
(106,386,312,-2)
(105,388,312,-2)
(103,389,312,-2)
(102,390,313,-2)
(100,392,313,-2)
(99,393,313,-2)
(98,394,315,-2)
(97,395,316,-2)
(95,397,316,-2)
(94,398,317,-2)
(93,399,317,-2)
(91,401,317,-2)
(90,402,318,-2)
(89,404,318,-2)
(87,405,318,-2)
(86,407,318,-2)
(85,408,318,-2)
(83,410,319,-2)
(82,411,319,-2)
(81,413,319,-2)
(79,414,319,-2)
(78,416,319,-2)
(77,417,320,-2)
(75,419,320,-2)
(74,421,320,-2)
(73,422,320,-2)
(72,424,320,-2)
(70,425,320,-2)
(69,427,320,-2)
(68,428,320,-2)
(66,430,321,-2)
(65,431,321,-2)
(64,433,321,-2)
(63,434,321,-2)
(61,436,321,-2)
(60,438,321,-2)
(59,439,321,-2)
(58,441,321,-2)
(56,442,321,-2)
(55,444,321,-2)
(54,445,321,-2)
(53,447,321,-2)
(51,448,322,-2)
(50,450,322,-2)
(49,452,322,-2)
(48,453,322,-2)
(47,454,324,-2)
(46,456,324,-2)
(45,457,324,-2)
(43,459,324,-2)
(42,460,324,-2)
(41,462,324,-2)
(40,464,324,-2)
(39,465,325,-2)
(38,467,325,-2)
(36,469,325,-2)
(35,470,325,-2)
(34,472,325,-2)
(33,474,325,-2)
(32,475,325,-2)
(31,477,325,-2)
(30,479,325,-2)
(28,480,325,-2)
(27,482,325,-2)
(26,483,325,-2)
(25,485,326,-2)
(24,487,326,-2)
(23,488,326,-2)
(22,490,326,-2)
(20,492,326,-2)
(19,493,326,-2)
(18,495,326,-2)
(17,497,326,-2)
(16,498,326,-2)
(15,500,326,-2)
(14,502,326,-2)
(13,503,326,-2)
(11,505,326,-2)
(10,507,326,-2)
(9,508,326,-2)
(8,510,326,-2)
(7,512,327,-2)
(6,513,327,-2)
(5,515,327,-2)
(4,517,327,-2)
(3,518,327,-2)
(2,520,327,-2)
(1,521,328,-2)
(-2,526,329,-2)
(-5,531,329,-2)
(-8,536,329,-2)
(-12,542,329,-2)
(-15,547,329,-2)
(-18,552,329,-2)
(-21,557,329,-2)
(-24,562,329,-2)
(-27,568,329,-2)
(-30,573,329,-2)
(-33,578,329,-2)
(-36,583,329,-2)
(-39,588,329,-2)
(-41,591,329,-2)
(-42,592,329,-2)
(-45,596,329,-2)
(-48,600,329,-2)
(-51,604,329,-2)
(-54,608,329,-2)
(-57,612,329,-2)
(-60,616,329,-2)
(-63,620,329,-2)
(-66,624,329,-2)
(-69,628,329,-2)
(-72,632,329,-2)
(-75,636,329,-2)
(-78,640,329,-2)
(-81,644,329,-2)
(-84,648,329,-2)
(-87,652,329,-2)
(-90,656,329,-2)
(-93,660,329,-2)
(-96,664,329,-2)
(-99,668,329,-2)
(-102,672,329,-2)
(-105,676,329,-2)
(-108,680,329,-2)
(-111,684,329,-2)
(-114,688,329,-2)
(-117,692,329,-2)
(-120,696,329,-2)
(-123,700,329,-2)
(-126,704,329,-2)
(-129,708,329,-2)
(-132,712,329,-2)
(-135,716,329,-2)
(-138,720,329,-2)
(-141,724,329,-2)
