0,1,3
(-179,142,57,-2)
(-177,143,57,-2)
(-175,144,57,-2)
(-173,145,57,-2)
(-171,146,57,-2)
(-169,147,57,-2)
(-167,148,57,-2)
(-165,149,57,-2)
(-163,150,57,-2)
(-161,151,57,-2)
(-159,152,57,-2)
(-157,153,57,-2)
(-155,154,57,-2)
(-153,155,57,-2)
(-151,156,57,-2)
(-149,157,57,-2)
(-147,158,57,-2)
(-145,159,57,-2)
(-143,160,57,-2)
(-141,161,57,-2)
(-139,162,57,-2)
(-137,163,57,-2)
(-135,164,57,-2)
(-133,165,57,-2)
(-131,166,57,-2)
(-129,167,57,-2)
(-127,168,57,-2)
(-125,169,57,-2)
(-123,170,57,-2)
(-121,171,57,-2)
(-119,172,57,-2)
(-117,173,57,-2)
(-115,174,57,-2)
(-113,175,57,-2)
(-111,176,57,-2)
(-109,177,57,-2)
(-107,178,57,-2)
(-105,179,57,-2)
(-103,180,57,-2)
(-101,181,57,-2)
(-99,182,57,-2)
(-97,183,57,-2)
(-95,184,57,-2)
(-93,185,57,-2)
(-91,186,57,-2)
(-89,187,57,-2)
(-87,188,57,-2)
(-85,189,57,-2)
(-83,190,57,-2)
(-81,191,57,-2)
(-79,192,57,-2)
(-77,193,57,-2)
(-75,194,57,-2)
(-73,195,57,-2)
(-71,196,57,-2)
(-69,197,57,-2)
(-67,198,57,-2)
(-65,199,57,-2)
(-63,200,57,-2)
(-61,201,57,-2)
(-59,202,57,-2)
(-57,203,57,-2)
(-55,204,57,-2)
(-53,205,57,-2)
(-51,206,57,-2)
(-49,207,57,-2)
(-47,208,57,-2)
(-45,209,57,-2)
(-43,210,57,-2)
(-41,211,57,-2)
(-39,212,57,-2)
(-37,213,57,-2)
(-35,214,57,-2)
(-33,215,57,-2)
(-31,216,57,-2)
(-29,217,57,-2)
(-27,218,57,-2)
(-25,219,57,-2)
(-23,220,57,-2)
(-21,221,57,-2)
(-19,222,57,-2)
(-17,223,57,-2)
(-15,224,57,-2)
(-13,225,57,-2)
(-11,226,57,-2)
(-9,227,57,-2)
(-7,228,57,-2)
(-5,229,57,-2)
(-3,230,57,-2)
(-1,231,57,-2)
(1,232,57,-2)
(3,233,57,-2)
(5,234,57,-2)
(7,235,57,-2)
(9,236,57,-2)
(11,237,57,-2)
(13,238,57,-2)
(15,239,57,-2)
(17,240,57,-2)
(19,241,57,-2)
(21,242,57,-2)
(23,243,57,-2)
(25,244,57,-2)
(26,245,56,-2)
(28,246,56,-2)
(30,247,55,-2)
(31,249,55,-2)
(33,250,55,-2)
(35,251,55,-2)
(36,252,55,-2)
(38,253,55,-2)
(40,254,55,-2)
(41,256,55,-2)
(43,257,55,-2)
(45,258,55,-2)
(46,259,55,-2)
(48,260,55,-2)
(49,261,55,-2)
(51,262,55,-2)
(53,264,55,-2)
(54,265,55,-2)
(56,266,55,-2)
(58,267,55,-2)
(59,268,55,-2)
(61,269,55,-2)
(63,271,55,-2)
(64,272,55,-2)
(66,273,55,-2)
(68,274,55,-2)
(69,275,55,-2)
(71,276,55,-2)
(73,277,55,-2)
(74,279,55,-2)
(76,280,55,-2)
(77,281,55,-2)
(79,282,55,-2)
(81,283,56,-2)
(82,284,56,-2)
(83,285,56,-2)
(85,287,56,-2)
(86,288,56,-2)
(88,289,56,-2)
(90,290,56,-2)
(91,291,56,-2)
(93,292,57,-2)
(95,293,57,-2)
(96,294,57,-2)
(98,295,57,-2)
(99,296,57,-2)
(101,297,57,-2)
(102,298,58,-2)
(104,299,58,-2)
(106,300,58,-2)
(108,301,58,-2)
(109,302,59,-2)
(111,304,59,-2)
(113,305,59,-2)
(114,306,59,-2)
(116,307,59,-2)
(118,308,60,-2)
(120,309,60,-2)
(121,310,60,-2)
(123,311,60,-2)
(125,312,60,-2)
(127,313,60,-2)
(128,314,60,-2)
(130,315,60,-2)
(132,316,61,-2)
(134,317,61,-2)
(135,318,61,-2)
(137,319,61,-2)
(139,320,61,-2)
(141,321,61,-2)
(143,322,61,-2)
(144,323,61,-2)
(146,324,61,-2)
(148,325,61,-2)
(150,326,61,-2)
(151,327,61,-2)
(153,327,61,-2)
(155,328,61,-2)
(157,329,61,-2)
(158,330,61,-2)
(160,331,61,-2)
(162,332,62,-2)
(164,333,62,-2)
(166,334,62,-2)
(167,335,62,-2)
(169,336,62,-2)
(171,337,62,-2)
(173,338,62,-2)
(174,339,61,-2)
(176,340,61,-2)
(178,341,61,-2)
(179,341,61,-2)
(181,342,61,-2)
(182,343,61,-2)
(184,344,61,-2)
(186,345,61,-2)
(188,346,61,-2)
(189,347,61,-2)
(191,348,61,-2)
(193,349,61,-2)
(195,350,61,-2)
(196,351,61,-2)
(198,352,61,-2)
(200,353,61,-2)
(202,354,61,-2)
(204,355,61,-2)
(205,356,61,-2)
(207,357,62,-2)
(209,358,62,-2)
(211,359,62,-2)
(212,360,62,-2)
(214,361,62,-2)
(216,362,63,-2)
(218,363,63,-2)
(220,364,63,-2)
(221,365,63,-2)
(223,365,63,-2)
(225,366,64,-2)
(227,367,64,-2)
(229,368,65,-2)
(230,369,65,-2)
(232,370,66,-2)
(234,371,66,-2)
(236,371,66,-2)
(238,372,67,-2)
(240,373,68,-2)
(242,374,69,-2)
(243,374,69,-2)
(245,375,70,-2)
(247,376,71,-2)
(249,376,71,-2)
(251,377,71,-2)
(252,377,71,-2)
(254,378,74,-2)
(256,378,74,-2)
(258,379,75,-2)
(260,379,75,-2)
(262,380,75,-2)
(264,381,76,-2)
(266,381,76,-2)
(268,382,76,-2)
(269,382,76,-2)
(271,382,76,-2)
(273,383,77,-2)
(275,383,77,-2)
(277,384,78,-2)
(279,384,78,-2)
(281,385,78,-2)
(283,385,78,-2)
(285,385,78,-2)
(287,386,79,-2)
(289,386,79,-2)
(291,387,79,-2)
(293,387,79,-2)
(295,387,79,-2)
(297,388,80,-2)
(299,388,80,-2)
(301,388,80,-2)
(303,389,81,-2)
(305,389,81,-2)
(307,389,81,-2)
(309,390,82,-2)
(311,390,82,-2)
(313,390,82,-2)
(315,390,82,-2)
(317,391,83,-2)
(319,391,83,-2)
(321,391,83,-2)
(323,391,83,-2)
(325,391,83,-2)
(327,392,86,-2)
(329,392,86,-2)
(331,392,86,-2)
(333,392,86,-2)
(334,392,86,-2)
(336,392,86,-2)
(338,392,86,-2)
(340,392,86,-2)
(342,393,86,-2)
(344,393,86,-2)
(346,393,86,-2)
(348,393,86,-2)
(350,393,86,-2)
(352,393,86,-2)
(354,393,86,-2)
(356,393,86,-2)
(358,394,87,-2)
(360,394,87,-2)
(362,394,87,-2)
(364,394,87,-2)
(366,394,87,-2)
(368,394,87,-2)
(370,394,87,-2)
(372,394,87,-2)
(374,394,87,-2)
(376,394,87,-2)
(378,394,87,-2)
(380,394,87,-2)
(382,394,87,-2)
(384,394,87,-2)
(386,394,87,-2)
(388,394,87,-2)
(390,394,87,-2)
(392,394,87,-2)
(394,394,87,-2)
(396,394,87,-2)
(398,394,87,-2)
(400,393,94,-2)
(402,393,94,-2)
(404,393,94,-2)
(406,393,94,-2)
(408,393,94,-2)
(410,392,97,-2)
(412,392,97,-2)
(414,392,97,-2)
(416,392,97,-2)
(418,391,101,-2)
(419,391,101,-2)
(421,391,101,-2)
(423,390,104,-2)
(425,390,104,-2)
(427,389,106,-2)
(429,388,107,-2)
(431,388,107,-2)
(432,387,109,-2)
(434,387,109,-2)
(436,386,110,-2)
(438,385,111,-2)
(440,384,112,-2)
(442,384,112,-2)
(444,383,113,-2)
(446,382,113,-2)
(447,381,114,-2)
(449,380,114,-2)
(451,380,114,-2)
(453,379,115,-2)
(455,378,116,-2)
(456,377,116,-2)
(458,376,116,-2)
(460,375,117,-2)
(462,374,117,-2)
(464,373,118,-2)
(465,373,118,-2)
(467,372,118,-2)
(469,371,118,-2)
(471,370,119,-2)
(472,369,119,-2)
(474,368,119,-2)
(476,367,120,-2)
(478,366,120,-2)
(479,365,120,-2)
(481,364,120,-2)
(483,363,120,-2)
(485,362,121,-2)
(486,361,121,-2)
(488,360,121,-2)
(490,359,121,-2)
(491,358,121,-2)
(493,357,122,-2)
(494,356,121,-2)
(496,355,121,-2)
(497,354,121,-2)
(499,353,122,-2)
(501,352,122,-2)
(503,351,122,-2)
(504,350,123,-2)
(506,349,123,-2)
(508,347,123,-2)
(509,346,124,-2)
(511,345,124,-2)
(513,344,124,-2)
(514,343,124,-2)
(516,342,125,-2)
(518,341,125,-2)
(519,340,125,-2)
(521,338,125,-2)
(523,337,126,-2)
(524,336,126,-2)
(526,335,126,-2)
(527,334,126,-2)
(529,332,127,-2)
(531,331,127,-2)
(532,330,127,-2)
(534,329,127,-2)
(535,328,128,-2)
(537,326,128,-2)
(539,325,128,-2)
(540,324,129,-2)
(542,323,129,-2)
(543,321,129,-2)
(545,320,129,-2)
(546,319,130,-2)
(548,318,130,-2)
(549,316,130,-2)
(551,315,131,-2)
(552,314,131,-2)
(554,312,131,-2)
(555,311,132,-2)
(557,310,132,-2)
(558,308,133,-2)
(560,307,133,-2)
(561,306,134,-2)
(563,304,134,-2)
(564,303,135,-2)
(565,302,133,-2)
(566,301,134,-2)
(568,299,135,-2)
(569,298,136,-2)
(571,296,136,-2)
(572,295,137,-2)
(573,293,137,-2)
(575,292,138,-2)
(576,290,138,-2)
(577,289,139,-2)
(579,287,139,-2)
(580,286,139,-2)
(581,284,140,-2)
(583,283,140,-2)
(584,281,140,-2)
(585,280,140,-2)
(587,278,141,-2)
(588,277,141,-2)
(589,275,141,-2)
(590,274,141,-2)
(592,272,142,-2)
(593,270,142,-2)
(594,269,142,-2)
(595,267,142,-2)
(596,266,142,-2)
(598,264,143,-2)
(599,263,143,-2)
(600,261,143,-2)
(601,259,143,-2)
(603,258,143,-2)
(604,256,143,-2)
(605,255,143,-2)
(606,253,144,-2)
(607,251,144,-2)
(609,250,144,-2)
(610,248,144,-2)
(611,246,144,-2)
(612,245,144,-2)
(613,243,144,-2)
(614,242,144,-2)
(616,240,144,-2)
(617,238,144,-2)
(618,237,144,-2)
(619,235,144,-2)
(620,233,144,-2)
(621,232,144,-2)
(622,231,144,-2)
(623,229,145,-2)
(624,228,146,-2)
(625,226,146,-2)
(627,224,147,-2)
(628,223,148,-2)
(629,221,148,-2)
(630,219,148,-2)
(631,218,149,-2)
(632,216,149,-2)
(633,214,150,-2)
(634,212,150,-2)
(635,211,150,-2)
(636,209,150,-2)
(637,207,151,-2)
(638,205,151,-2)
(639,204,151,-2)
(640,202,151,-2)
(641,200,151,-2)
(642,198,151,-2)
(643,197,152,-2)
(644,195,152,-2)
(645,193,152,-2)
(645,191,152,-2)
(646,190,152,-2)
(647,188,152,-2)
(648,186,152,-2)
(649,184,152,-2)
(650,182,152,-2)
(651,181,152,-2)
(652,179,152,-2)
(653,177,152,-2)
(654,175,151,-2)
(655,174,151,-2)
(656,172,151,-2)
(657,170,151,-2)
(658,168,151,-2)
(659,167,150,-2)
(660,165,150,-2)
(661,163,150,-2)
(662,161,149,-2)
(663,160,149,-2)
(664,158,149,-2)
(665,157,148,-2)
(666,155,148,-2)
(667,154,148,-2)
(668,152,148,-2)
(669,150,148,-2)
(670,149,148,-2)
(671,147,148,-2)
(672,145,147,-2)
(673,143,147,-2)
(674,142,147,-2)
(675,140,147,-2)
(676,138,147,-2)
(678,137,147,-2)
(679,135,147,-2)
(680,133,147,-2)
(681,132,147,-2)
(682,130,147,-2)
(683,128,147,-2)
(684,126,147,-2)
(685,125,147,-2)
(686,123,147,-2)
(687,121,147,-2)
(689,120,147,-2)
(690,118,147,-2)
(691,117,147,-2)
(692,116,147,-2)
(693,114,147,-2)
(694,112,147,-2)
(695,111,147,-2)
(696,109,147,-2)
(697,107,147,-2)
(699,105,146,-2)
(700,104,146,-2)
(701,102,146,-2)
(702,100,146,-2)
(703,99,146,-2)
(704,97,146,-2)
(705,95,146,-2)
(706,94,146,-2)
(708,92,146,-2)
(709,90,146,-2)
(710,89,145,-2)
(711,87,145,-2)
(711,86,145,-2)
(712,85,145,-2)
(713,83,145,-2)
(714,81,145,-2)
(715,79,145,-2)
(716,77,145,-2)
(717,75,145,-2)
(718,73,145,-2)
(719,71,145,-2)
(720,69,145,-2)
(721,67,145,-2)
(722,65,145,-2)
(723,63,145,-2)
(724,61,145,-2)
(725,59,145,-2)
(726,57,145,-2)
(727,55,145,-2)
(728,53,145,-2)
(729,51,145,-2)
(730,49,145,-2)
(731,47,145,-2)
(732,45,145,-2)
(733,43,145,-2)
(734,41,145,-2)
(735,39,145,-2)
(736,37,145,-2)
(737,35,145,-2)
(738,33,145,-2)
(739,31,145,-2)
(740,29,145,-2)
(741,27,145,-2)
(742,25,145,-2)
(743,23,145,-2)
(744,21,145,-2)
(745,19,145,-2)
(746,17,145,-2)
(747,15,145,-2)
(748,13,145,-2)
(749,11,145,-2)
(750,9,145,-2)
(751,7,145,-2)
(752,5,145,-2)
(753,3,145,-2)
(754,1,145,-2)
(755,-1,145,-2)
(756,-3,145,-2)
(757,-5,145,-2)
(758,-7,145,-2)
(759,-9,145,-2)
(760,-11,145,-2)
(761,-13,145,-2)
(762,-15,145,-2)
(763,-17,145,-2)
(764,-19,145,-2)
(765,-21,145,-2)
(766,-23,145,-2)
(767,-25,145,-2)
(768,-27,145,-2)
(769,-29,145,-2)
(770,-31,145,-2)
(771,-33,145,-2)
(772,-35,145,-2)
(773,-37,145,-2)
(774,-39,145,-2)
(775,-41,145,-2)
(776,-43,145,-2)
(777,-45,145,-2)
(778,-47,145,-2)
(779,-49,145,-2)
(780,-51,145,-2)
(781,-53,145,-2)
(782,-55,145,-2)
(783,-57,145,-2)
(784,-59,145,-2)
(785,-61,145,-2)
(786,-63,145,-2)
(787,-65,145,-2)
(788,-67,145,-2)
(789,-69,145,-2)
(790,-71,145,-2)
(791,-73,145,-2)
(792,-75,145,-2)
(793,-77,145,-2)
(794,-79,145,-2)
(795,-81,145,-2)
(796,-83,145,-2)
(797,-85,145,-2)
(798,-87,145,-2)
(799,-89,145,-2)
(800,-91,145,-2)
(801,-93,145,-2)
(802,-95,145,-2)
(803,-97,145,-2)
(804,-99,145,-2)
(805,-101,145,-2)
(806,-103,145,-2)
(807,-105,145,-2)
(808,-107,145,-2)
(809,-109,145,-2)
(810,-111,145,-2)
(811,-113,145,-2)
(812,-115,145,-2)
