18
(-310,522,90.000000,-2)
(-309,522,90.000000,-2)
(-308,522,90.000000,-2)
(-307,522,90.000000,-2)
(-306,522,90.000000,-2)
(-305,522,90.000000,-2)
(-304,522,90.000000,-2)
(-303,522,90.000000,-2)
(-302,522,90.000000,-2)
(-301,522,90.000000,-2)
(-300,522,90.000000,-2)
(-299,522,90.000000,-2)
(-298,522,90.000000,-2)
(-297,522,90.000000,-2)
(-296,522,90.000000,-2)
(-295,522,90.000000,-2)
(-294,522,90.000000,-2)
(-293,522,90.000000,-2)
(-292,522,90.000000,-2)
(-291,522,90.000000,-2)
(-290,522,90.000000,-2)
(-289,522,90.000000,-2)
(-288,522,90.000000,-2)
(-287,522,90.000000,-2)
(-286,522,90.000000,-2)
(-285,522,90.000000,-2)
(-284,522,90.000000,-2)
(-283,522,90.000000,-2)
(-282,522,90.000000,-2)
(-281,522,90.000000,-2)
(-280,522,90.000000,-2)
(-279,522,90.000000,-2)
(-278,522,90.000000,-2)
(-277,522,90.000000,-2)
(-276,522,90.000000,-2)
(-275,522,90.000000,-2)
(-274,522,90.000000,-2)
(-273,522,90.000000,-2)
(-272,522,90.000000,-2)
(-271,522,90.000000,-2)
(-270,522,90.000000,-2)
(-269,522,90.000000,-2)
(-268,522,90.000000,-2)
(-267,522,90.000000,-2)
(-266,522,90.000000,-2)
(-265,522,90.000000,-2)
(-264,522,90.000000,-2)
(-263,522,90.000000,-2)
(-262,522,90.000000,-2)
(-261,522,90.000000,-2)
(-260,522,90.000000,-2)
(-259,522,90.000000,-2)
(-258,522,90.000000,-2)
(-257,522,90.000000,-2)
(-256,522,90.000000,-2)
(-255,522,90.000000,-2)
(-254,522,90.000000,-2)
(-253,522,90.000000,-2)
(-252,522,90.000000,-2)
(-251,522,90.000000,-2)
(-250,522,90.000000,-2)
(-249,522,90.000000,-2)
(-248,522,90.000000,-2)
(-247,522,90.000000,-2)
(-246,522,90.000000,-2)
(-245,522,90.000000,-2)
(-244,522,90.000000,-2)
(-243,522,90.000000,-2)
(-242,522,90.000000,-2)
(-241,522,90.000000,-2)
(-240,522,90.000000,-2)
(-239,522,90.000000,-2)
(-238,522,90.000000,-2)
(-237,522,90.000000,-2)
(-236,522,90.000000,-2)
(-235,522,90.000000,-2)
(-234,522,90.000000,-2)
(-233,522,90.000000,-2)
(-232,522,90.000000,-2)
(-231,522,90.000000,-2)
(-230,522,90.000000,-2)
(-229,522,90.000000,-2)
(-228,522,90.000000,-2)
(-227,522,90.000000,-2)
(-226,522,90.000000,-2)
(-225,522,90.000000,-2)
(-224,522,90.000000,-2)
(-223,522,90.000000,-2)
(-222,522,90.000000,-2)
(-221,522,90.000000,-2)
(-220,522,90.000000,-2)
(-219,522,90.000000,-2)
(-218,522,90.000000,-2)
(-217,522,90.000000,-2)
(-216,522,90.000000,-2)
(-215,522,90.000000,-2)
(-214,522,90.000000,-2)
(-213,522,90.000000,-2)
(-212,522,90.000000,-2)
(-211,522,90.000000,-2)
(-210,522,90.000000,-2)
(-209,522,90.000000,-2)
(-208,522,90.000000,-2)
(-207,522,90.000000,-2)
(-206,522,90.000000,-2)
(-205,522,90.000000,-2)
(-204,522,90.000000,-2)
(-203,522,90.000000,-2)
(-202,522,90.000000,-2)
(-201,522,90.000000,-2)
(-200,522,90.000000,-2)
(-199,522,90.000000,-2)
(-198,522,90.000000,-2)
(-197,522,90.000000,-2)
(-196,522,90.000000,-2)
(-195,522,90.000000,-2)
(-194,522,90.000000,-2)
(-193,522,90.000000,-2)
(-192,522,90.000000,-2)
(-191,522,90.000000,-2)
(-190,522,90.000000,-2)
(-189,522,90.000000,-2)
(-188,522,90.000000,-2)
(-187,522,90.000000,-2)
(-186,522,90.000000,-2)
(-185,522,90.000000,-2)
(-184,522,90.000000,-2)
(-183,522,90.000000,-2)
(-182,522,90.000000,-2)
(-181,522,90.000000,-2)
(-180,522,90.000000,-2)
(-179,522,90.000000,-2)
(-178,522,90.000000,-2)
(-177,522,90.000000,-2)
(-176,522,90.000000,-2)
(-175,522,90.000000,-2)
(-174,522,90.000000,-2)
(-173,522,90.000000,-2)
(-172,522,90.000000,-2)
(-171,522,90.000000,-2)
(-170,522,90.000000,-2)
(-169,522,90.000000,-2)
(-168,522,90.000000,-2)
(-167,522,90.000000,-2)
(-166,522,90.000000,-2)
(-165,522,90.000000,-2)
(-164,522,90.000000,-2)
(-163,522,90.000000,-2)
(-162,522,90.000000,-2)
(-161,522,90.000000,-2)
(-160,522,90.000000,-2)
(-159,522,90.000000,-2)
(-158,522,90.000000,-2)
(-157,522,90.000000,-2)
(-156,522,90.000000,-2)
(-155,522,90.000000,-2)
(-154,522,90.000000,-2)
(-153,522,90.000000,-2)
(-152,522,90.000000,-2)
(-151,522,90.000000,-2)
(-150,522,90.000000,-2)
(-149,522,90.000000,-2)
(-148,522,90.000000,-2)
(-147,522,90.000000,-2)
(-146,522,90.000000,-2)
(-145,522,90.000000,-2)
(-144,522,90.000000,-2)
(-143,522,90.000000,-2)
(-142,522,90.000000,-2)
(-141,522,90.000000,-2)
(-140,522,90.000000,-2)
(-139,522,90.000000,-2)
(-138,522,90.000000,-2)
(-137,522,90.000000,-2)
(-136,522,90.000000,-2)
(-135,522,90.000000,-2)
(-134,522,90.000000,-2)
(-133,522,90.000000,-2)
(-132,522,90.000000,-2)
(-131,522,90.000000,-2)
(-130,522,90.000000,-2)
(-129,522,90.000000,-2)
(-128,522,90.000000,-2)
(-127,522,90.000000,-2)
(-126,522,90.000000,-2)
(-125,522,90.000000,-2)
(-124,522,90.000000,-2)
(-123,522,90.000000,-2)
(-122,522,90.000000,-2)
(-121,522,90.000000,-2)
(-120,522,90.000000,-2)
(-119,522,90.000000,-2)
(-118,522,90.000000,-2)
(-117,522,90.000000,-2)
(-116,522,90.000000,-2)
(-115,522,90.000000,-2)
(-114,522,90.000000,-2)
(-113,522,90.000000,-2)
(-112,522,90.000000,-2)
(-111,522,90.000000,-2)
(-110,522,90.000000,-2)
(-109,522,90.000000,-2)
(-108,522,90.000000,-2)
(-107,522,90.000000,-2)
(-106,522,90.000000,-2)
(-105,522,90.000000,-2)
(-104,522,90.000000,-2)
(-103,522,90.000000,-2)
(-102,522,90.000000,-2)
(-101,522,90.000000,-2)
(-100,522,90.000000,-2)
(-99,522,90.000000,-2)
(-98,522,90.000000,-2)
(-97,522,90.000000,-2)
(-96,522,90.000000,-2)
(-95,522,90.000000,-2)
(-94,522,90.000000,-2)
(-93,522,90.000000,-2)
(-92,522,90.000000,-2)
(-91,522,90.000000,-2)
(-90,522,90.000000,-2)
(-89,522,90.000000,-2)
(-88,522,90.000000,-2)
(-87,522,90.000000,-2)
(-86,522,90.000000,-2)
(-85,522,90.000000,-2)
(-84,522,90.000000,-2)
(-83,522,90.000000,-2)
(-82,522,90.000000,-2)
(-81,522,90.000000,-2)
(-80,522,90.000000,-2)
(-79,522,90.000000,-2)
(-78,522,90.000000,-2)
(-77,522,90.000000,-2)
(-76,522,90.000000,-2)
(-75,522,90.000000,-2)
(-74,522,90.000000,-2)
(-73,522,90.000000,-2)
(-72,522,90.000000,-2)
(-71,522,90.000000,-2)
(-70,522,90.000000,-2)
(-69,522,90.000000,-2)
(-68,522,90.000000,-2)
(-67,522,90.000000,-2)
(-66,522,90.000000,-2)
(-65,522,90.000000,-2)
(-64,522,90.000000,-2)
(-63,522,90.000000,-2)
(-62,522,90.000000,-2)
(-61,522,90.000000,-2)
(-60,522,90.000000,-2)
(-59,522,90.000000,-2)
(-58,522,90.000000,-2)
(-57,522,90.000000,-2)
(-56,523,78.436440,-2)
(-55,523,78.436440,-2)
(-54,523,78.436440,-2)
(-53,523,78.436440,-2)
(-52,523,78.436440,-2)
(-52,524,78.436440,-2)
(-51,524,78.436440,-2)
(-50,524,78.436440,-2)
(-49,524,78.436440,-2)
(-48,524,78.436440,-2)
(-47,524,78.436440,-2)
(-46,525,77.665459,-2)
(-45,525,77.665459,-2)
(-44,525,77.665459,-2)
(-43,525,77.665459,-2)
(-43,526,77.665459,-2)
(-42,526,77.665459,-2)
(-41,526,77.665459,-2)
(-40,526,77.665459,-2)
(-39,526,77.665459,-2)
(-38,526,77.665459,-2)
(-37,527,77.743568,-2)
(-36,527,77.743568,-2)
(-35,527,77.743568,-2)
(-34,527,77.743568,-2)
(-33,528,77.864357,-2)
(-32,528,77.864357,-2)
(-31,528,77.864357,-2)
(-30,528,77.864357,-2)
(-29,528,77.864357,-2)
(-28,529,78.040405,-2)
(-27,529,78.040405,-2)
(-26,529,78.040405,-2)
(-25,529,78.040405,-2)
(-24,529,78.040405,-2)
(-24,530,78.040405,-2)
(-23,530,78.040405,-2)
(-22,530,78.040405,-2)
(-21,530,78.040405,-2)
(-20,530,78.040405,-2)
(-19,530,78.040405,-2)
(-19,531,78.040405,-2)
(-18,531,78.040405,-2)
(-17,531,78.040405,-2)
(-16,531,78.040405,-2)
(-15,531,78.040405,-2)
(-14,531,78.040405,-2)
(-13,532,78.892960,-2)
(-12,532,78.892960,-2)
(-11,532,78.892960,-2)
(-10,532,78.892960,-2)
(-9,532,78.892960,-2)
(-8,533,79.309792,-2)
(-7,533,79.309792,-2)
(-6,533,79.309792,-2)
(-5,533,79.309792,-2)
(-4,533,79.309792,-2)
(-3,534,79.816505,-2)
(-2,534,79.816505,-2)
(-1,534,79.816505,-2)
(0,534,79.816505,-2)
(1,534,79.816505,-2)
(1,535,79.816505,-2)
(2,535,79.816505,-2)
(3,535,79.816505,-2)
(4,535,79.816505,-2)
(5,535,79.816505,-2)
(6,535,79.816505,-2)
(7,535,79.816505,-2)
(8,536,81.532928,-2)
(9,536,81.532928,-2)
(10,536,81.532928,-2)
(11,536,81.532928,-2)
(12,536,81.532928,-2)
(13,536,81.532928,-2)
(14,536,81.532928,-2)
(15,536,81.532928,-2)
(16,537,83.511673,-2)
(17,537,83.511673,-2)
(18,537,83.511673,-2)
(19,537,83.511673,-2)
(20,537,83.511673,-2)
(21,537,83.511673,-2)
(22,537,83.511673,-2)
(23,537,83.511673,-2)
(24,537,83.511673,-2)
(25,537,83.511673,-2)
(26,537,83.511673,-2)
(27,537,83.511673,-2)
(28,537,83.511673,-2)
(28,538,83.511673,-2)
(29,538,83.511673,-2)
(30,538,83.511673,-2)
(31,538,83.511673,-2)
(32,538,83.511673,-2)
(33,538,83.511673,-2)
(34,538,83.511673,-2)
(35,538,83.511673,-2)
(36,538,83.511673,-2)
(37,538,83.511673,-2)
(38,538,83.511673,-2)
(39,538,83.511673,-2)
(40,538,83.511673,-2)
(41,538,83.511673,-2)
(42,538,83.511673,-2)
(43,538,83.511673,-2)
(44,538,83.511673,-2)
(45,538,83.511673,-2)
(46,538,83.511673,-2)
(47,538,83.511673,-2)
(48,538,83.511673,-2)
(49,538,83.511673,-2)
(50,538,83.511673,-2)
(51,538,83.511673,-2)
(52,538,83.511673,-2)
(53,538,83.511673,-2)
(54,538,83.511673,-2)
(55,538,83.511673,-2)
(56,538,83.511673,-2)
(57,538,83.511673,-2)
(58,538,83.511673,-2)
(59,538,83.511673,-2)
(60,538,83.511673,-2)
(61,538,83.511673,-2)
(62,538,83.511673,-2)
(63,538,83.511673,-2)
(64,538,83.511673,-2)
(65,538,83.511673,-2)
(66,538,83.511673,-2)
(67,538,83.511673,-2)
(68,538,83.511673,-2)
(69,538,83.511673,-2)
(70,538,83.511673,-2)
(71,538,83.511673,-2)
(72,538,83.511673,-2)
(73,538,83.511673,-2)
(74,538,83.511673,-2)
(75,537,91.287743,-2)
(76,537,91.287743,-2)
(77,537,91.287743,-2)
(78,537,91.287743,-2)
(79,537,91.287743,-2)
(80,537,91.287743,-2)
(81,537,91.287743,-2)
(82,537,91.287743,-2)
(83,537,91.287743,-2)
(84,537,91.287743,-2)
(85,537,91.287743,-2)
(86,537,91.287743,-2)
(87,537,91.287743,-2)
(88,537,91.287743,-2)
(89,537,91.287743,-2)
(90,537,91.287743,-2)
(91,537,91.287743,-2)
(92,537,91.287743,-2)
(93,537,91.287743,-2)
(94,537,91.287743,-2)
(95,537,91.287743,-2)
(96,537,91.287743,-2)
(97,537,91.287743,-2)
(98,537,91.287743,-2)
(99,537,91.287743,-2)
(100,537,91.287743,-2)
(101,537,91.287743,-2)
(102,537,91.287743,-2)
(103,537,91.287743,-2)
(104,537,91.287743,-2)
(105,537,91.287743,-2)
(106,537,91.287743,-2)
(107,537,91.287743,-2)
(108,537,91.287743,-2)
(109,537,91.287743,-2)
(110,537,91.287743,-2)
(111,537,91.287743,-2)
(112,537,91.287743,-2)
(113,537,91.287743,-2)
(114,537,91.287743,-2)
(115,537,91.287743,-2)
(116,537,91.287743,-2)
(117,537,91.287743,-2)
(118,537,91.287743,-2)
(119,537,91.287743,-2)
(120,537,91.287743,-2)
(121,537,91.287743,-2)
(122,537,91.287743,-2)
(123,537,91.287743,-2)
(124,537,91.287743,-2)
(125,537,91.287743,-2)
(126,537,91.287743,-2)
(127,537,91.287743,-2)
(128,537,91.287743,-2)
(129,537,91.287743,-2)
(130,537,91.287743,-2)
(131,537,91.287743,-2)
(132,537,91.287743,-2)
(133,537,91.287743,-2)
(134,537,91.287743,-2)
(135,537,91.287743,-2)
(136,537,91.287743,-2)
(137,537,91.287743,-2)
(138,537,91.287743,-2)
(139,537,91.287743,-2)
(140,536,91.390976,-2)
(141,536,91.390976,-2)
(142,536,91.390976,-2)
(143,536,91.390976,-2)
(144,536,91.390976,-2)
(145,536,91.390976,-2)
(146,536,91.390976,-2)
(147,536,91.390976,-2)
(148,536,91.390976,-2)
(149,536,91.390976,-2)
(150,536,91.390976,-2)
(151,536,91.390976,-2)
(152,536,91.390976,-2)
(153,536,91.390976,-2)
(154,536,91.390976,-2)
(155,536,91.390976,-2)
(156,536,91.390976,-2)
(157,536,91.390976,-2)
(158,536,91.390976,-2)
(159,536,91.390976,-2)
(160,536,91.390976,-2)
(161,536,91.390976,-2)
(162,536,91.390976,-2)
(163,536,91.390976,-2)
(164,536,91.390976,-2)
(165,536,91.390976,-2)
(166,536,91.390976,-2)
(167,536,91.390976,-2)
(168,536,91.390976,-2)
(169,536,91.390976,-2)
(170,536,91.390976,-2)
(171,536,91.390976,-2)
(172,536,91.390976,-2)
(173,535,92.106178,-2)
(174,535,92.106178,-2)
(175,535,92.106178,-2)
(176,535,92.106178,-2)
(177,535,92.106178,-2)
(178,535,92.106178,-2)
(179,535,92.106178,-2)
(180,535,92.106178,-2)
(181,535,92.106178,-2)
(182,535,92.106178,-2)
(183,535,92.106178,-2)
(184,535,92.106178,-2)
(185,535,92.106178,-2)
(186,535,92.106178,-2)
(187,535,92.106178,-2)
(188,535,92.106178,-2)
(189,535,92.106178,-2)
(190,535,92.106178,-2)
(191,535,92.106178,-2)
(192,535,92.106178,-2)
(193,535,92.106178,-2)
(194,534,94.146057,-2)
(195,534,94.146057,-2)
(196,534,94.146057,-2)
(197,534,94.146057,-2)
(198,534,94.146057,-2)
(199,534,94.146057,-2)
(200,534,94.146057,-2)
(201,534,94.146057,-2)
(202,534,94.146057,-2)
(203,534,94.146057,-2)
(204,534,94.146057,-2)
(205,534,94.146057,-2)
(205,533,94.146057,-2)
(206,533,94.146057,-2)
(207,533,94.146057,-2)
(208,533,94.146057,-2)
(209,533,94.146057,-2)
(210,533,94.146057,-2)
(211,533,94.146057,-2)
(212,533,94.146057,-2)
(213,533,94.146057,-2)
(214,533,94.146057,-2)
(215,533,94.146057,-2)
(215,532,94.146057,-2)
(216,532,94.146057,-2)
(217,532,94.146057,-2)
(218,532,94.146057,-2)
(219,532,94.146057,-2)
(220,532,94.146057,-2)
(221,532,94.146057,-2)
(222,532,94.146057,-2)
(223,532,94.146057,-2)
(223,531,94.146057,-2)
(224,531,94.146057,-2)
(225,531,94.146057,-2)
(226,531,94.146057,-2)
(227,531,94.146057,-2)
(228,531,94.146057,-2)
(229,531,94.146057,-2)
(230,531,94.146057,-2)
(231,531,94.146057,-2)
(231,530,94.146057,-2)
(232,530,94.146057,-2)
(233,530,94.146057,-2)
(234,530,94.146057,-2)
(235,530,94.146057,-2)
(236,530,94.146057,-2)
(237,530,94.146057,-2)
(238,530,94.146057,-2)
(239,530,94.146057,-2)
(239,529,94.146057,-2)
(240,529,94.146057,-2)
(241,529,94.146057,-2)
(242,529,94.146057,-2)
(243,529,94.146057,-2)
(244,529,94.146057,-2)
(245,529,94.146057,-2)
(246,529,94.146057,-2)
(246,528,94.146057,-2)
(247,528,94.146057,-2)
(248,528,94.146057,-2)
(249,528,94.146057,-2)
(250,528,94.146057,-2)
(251,528,94.146057,-2)
(252,528,94.146057,-2)
(253,528,94.146057,-2)
(254,528,94.146057,-2)
(254,527,94.146057,-2)
(255,527,94.146057,-2)
(256,527,94.146057,-2)
(257,527,94.146057,-2)
(258,527,94.146057,-2)
(259,527,94.146057,-2)
(260,527,94.146057,-2)
(261,527,94.146057,-2)
(262,527,94.146057,-2)
(262,526,94.146057,-2)
(263,526,94.146057,-2)
(264,526,94.146057,-2)
(265,526,94.146057,-2)
(266,526,94.146057,-2)
(267,526,94.146057,-2)
(268,526,94.146057,-2)
(269,526,94.146057,-2)
(270,526,94.146057,-2)
(271,526,94.146057,-2)
(272,526,94.146057,-2)
(272,525,94.146057,-2)
(273,525,94.146057,-2)
(274,525,94.146057,-2)
(275,525,94.146057,-2)
(276,525,94.146057,-2)
(277,525,94.146057,-2)
(278,525,94.146057,-2)
(279,525,94.146057,-2)
(280,525,94.146057,-2)
(281,525,94.146057,-2)
(282,525,94.146057,-2)
(283,525,94.146057,-2)
(284,524,95.451904,-2)
(285,524,95.451904,-2)
(286,524,95.451904,-2)
(287,524,95.451904,-2)
(288,524,95.451904,-2)
(289,524,95.451904,-2)
(290,524,95.451904,-2)
(291,524,95.451904,-2)
(292,524,95.451904,-2)
(293,524,95.451904,-2)
(294,523,95.856461,-2)
(295,523,95.856461,-2)
(296,523,95.856461,-2)
(297,523,95.856461,-2)
(298,523,95.856461,-2)
(299,523,95.856461,-2)
(300,523,95.856461,-2)
(301,523,95.856461,-2)
(302,523,95.856461,-2)
(303,522,96.220207,-2)
(304,522,96.220207,-2)
(305,522,96.220207,-2)
(306,522,96.220207,-2)
(307,522,96.220207,-2)
(308,522,96.220207,-2)
(309,522,96.220207,-2)
(310,522,96.220207,-2)
(311,522,96.220207,-2)
(312,521,96.600624,-2)
(313,521,96.600624,-2)
(314,521,96.600624,-2)
(315,521,96.600624,-2)
(316,521,96.600624,-2)
(317,521,96.600624,-2)
(318,521,96.600624,-2)
(319,521,96.600624,-2)
(320,521,96.600624,-2)
(321,520,97.002357,-2)
(322,520,97.002357,-2)
(323,520,97.002357,-2)
(324,520,97.002357,-2)
(325,520,97.002357,-2)
(326,520,97.002357,-2)
(327,520,97.002357,-2)
(328,520,97.002357,-2)
(329,519,97.424690,-2)
(330,519,97.424690,-2)
(331,519,97.424690,-2)
(332,519,97.424690,-2)
(333,519,97.424690,-2)
(334,519,97.424690,-2)
(335,519,97.424690,-2)
(336,518,97.878914,-2)
(337,518,97.878914,-2)
(338,518,97.878914,-2)
(339,518,97.878914,-2)
(340,518,97.878914,-2)
(341,518,97.878914,-2)
(342,518,97.878914,-2)
(342,517,97.878914,-2)
(343,517,97.878914,-2)
(344,517,97.878914,-2)
(345,517,97.878914,-2)
(346,517,97.878914,-2)
(347,517,97.878914,-2)
(348,517,97.878914,-2)
(349,517,97.878914,-2)
(350,516,99.151619,-2)
(351,516,99.151619,-2)
(352,516,99.151619,-2)
(353,516,99.151619,-2)
(354,516,99.151619,-2)
(355,516,99.151619,-2)
(356,515,99.224167,-2)
(357,515,99.224167,-2)
(358,515,99.224167,-2)
(359,515,99.224167,-2)
(360,515,99.224167,-2)
(361,515,99.224167,-2)
(361,514,99.224167,-2)
(362,514,99.224167,-2)
(363,514,99.224167,-2)
(364,514,99.224167,-2)
(365,514,99.224167,-2)
(366,514,99.224167,-2)
(367,514,99.224167,-2)
(367,513,99.224167,-2)
(368,513,99.224167,-2)
(369,513,99.224167,-2)
(370,513,99.224167,-2)
(371,513,99.224167,-2)
(372,513,99.224167,-2)
(373,513,99.224167,-2)
(373,512,99.224167,-2)
(374,512,99.224167,-2)
(375,512,99.224167,-2)
(376,512,99.224167,-2)
(377,512,99.224167,-2)
(378,512,99.224167,-2)
(378,511,99.224167,-2)
(379,511,99.224167,-2)
(380,511,99.224167,-2)
(381,511,99.224167,-2)
(382,511,99.224167,-2)
(383,511,99.224167,-2)
(384,510,101.155960,-2)
(385,510,101.155960,-2)
(386,510,101.155960,-2)
(387,510,101.155960,-2)
(388,510,101.155960,-2)
(389,509,101.685173,-2)
(390,509,101.685173,-2)
(391,509,101.685173,-2)
(392,509,101.685173,-2)
(393,509,101.685173,-2)
(393,508,101.685173,-2)
(394,508,101.685173,-2)
(395,508,101.685173,-2)
(396,508,101.685173,-2)
(397,508,101.685173,-2)
(398,507,102.799469,-2)
(399,507,102.799469,-2)
(400,507,102.799469,-2)
(401,507,102.799469,-2)
(402,507,102.799469,-2)
(402,506,102.799469,-2)
(403,506,102.799469,-2)
(404,506,102.799469,-2)
(405,506,102.799469,-2)
(406,506,102.799469,-2)
(407,505,104.210289,-2)
(408,505,104.210289,-2)
(409,505,104.210289,-2)
(410,505,104.210289,-2)
(411,504,104.946892,-2)
(412,504,104.946892,-2)
(413,504,104.946892,-2)
(414,503,105.604393,-2)
(415,503,105.604393,-2)
(416,503,105.604393,-2)
(417,503,105.604393,-2)
(417,502,105.604393,-2)
(418,502,105.604393,-2)
(419,502,105.604393,-2)
(420,502,105.604393,-2)
(421,501,107.366013,-2)
(422,501,107.366013,-2)
(423,501,107.366013,-2)
(424,500,108.310005,-2)
(425,500,108.310005,-2)
(426,500,108.310005,-2)
(427,499,109.383560,-2)
(428,499,109.383560,-2)
(429,499,109.383560,-2)
(429,498,109.383560,-2)
(430,498,109.383560,-2)
(431,498,109.383560,-2)
(432,498,109.383560,-2)
(432,497,109.383560,-2)
(433,497,109.383560,-2)
(434,497,109.383560,-2)
(434,496,109.383560,-2)
(435,496,109.383560,-2)
(436,496,109.383560,-2)
(437,495,114.944321,-2)
(438,495,114.944321,-2)
(439,494,116.308235,-2)
(440,494,116.308235,-2)
(441,493,117.326820,-2)
(442,493,117.326820,-2)
(443,492,118.425560,-2)
(444,492,118.425560,-2)
(445,491,119.251831,-2)
(446,491,119.251831,-2)
(446,490,119.251831,-2)
(447,490,119.251831,-2)
(448,490,119.251831,-2)
(448,489,119.251831,-2)
(449,489,119.251831,-2)
(450,488,121.331619,-2)
(451,488,121.331619,-2)
(451,487,121.331619,-2)
(452,487,121.331619,-2)
(453,486,122.345551,-2)
(454,486,122.345551,-2)
(454,485,122.345551,-2)
(455,485,122.345551,-2)
(456,484,123.218216,-2)
(457,484,123.218216,-2)
(458,483,123.649460,-2)
(459,483,123.649460,-2)
(459,482,123.649460,-2)
(460,482,123.649460,-2)
(461,481,124.340294,-2)
(462,480,124.615036,-2)
(463,480,124.615036,-2)
(463,479,124.615036,-2)
(464,479,124.615036,-2)
(465,478,125.166626,-2)
(466,478,125.166626,-2)
(466,477,125.166626,-2)
(467,477,125.166626,-2)
(468,476,125.633438,-2)
(469,476,125.633438,-2)
(469,475,125.633438,-2)
(470,475,125.633438,-2)
(471,474,126.021683,-2)
(472,473,126.134407,-2)
(473,473,126.134407,-2)
(473,472,126.134407,-2)
(474,472,126.134407,-2)
(475,471,126.424606,-2)
(476,471,126.424606,-2)
(476,470,126.424606,-2)
(477,470,126.424606,-2)
(477,469,126.424606,-2)
(478,469,126.424606,-2)
(479,468,126.718658,-2)
(480,467,126.765305,-2)
(481,467,126.765305,-2)
(481,466,126.765305,-2)
(482,466,126.765305,-2)
(483,465,126.857368,-2)
(484,465,126.857368,-2)
(484,464,126.857368,-2)
(485,464,126.857368,-2)
(485,463,126.857368,-2)
(486,463,126.857368,-2)
(487,462,126.855148,-2)
(488,461,126.830292,-2)
(489,461,126.830292,-2)
(489,460,126.830292,-2)
(490,460,126.830292,-2)
(491,459,126.694931,-2)
(492,459,126.694931,-2)
(492,458,126.694931,-2)
(493,458,126.694931,-2)
(494,457,126.457977,-2)
(495,456,126.353508,-2)
(496,455,126.191986,-2)
(497,455,126.191986,-2)
(497,454,126.191986,-2)
(498,454,126.191986,-2)
(499,453,125.723175,-2)
(500,453,125.723175,-2)
(500,452,125.723175,-2)
(501,452,125.723175,-2)
(502,451,125.076950,-2)
(503,451,125.076950,-2)
(503,450,125.076950,-2)
(504,450,125.076950,-2)
(505,449,122.804565,-2)
(506,449,122.804565,-2)
(506,448,122.804565,-2)
(507,448,122.804565,-2)
(508,447,122.660629,-2)
(509,447,122.660629,-2)
(509,446,122.660629,-2)
(510,446,122.660629,-2)
(511,445,122.604828,-2)
(512,445,122.604828,-2)
(512,444,122.604828,-2)
(513,444,122.604828,-2)
(514,443,122.620575,-2)
(515,443,122.620575,-2)
(515,442,122.620575,-2)
(516,442,122.620575,-2)
(517,441,122.699265,-2)
(518,441,122.699265,-2)
(519,440,122.767380,-2)
(520,440,122.767380,-2)
(520,439,122.767380,-2)
(521,439,122.767380,-2)
(522,438,122.931503,-2)
(523,438,122.931503,-2)
(523,437,122.931503,-2)
(524,437,122.931503,-2)
(525,436,123.147034,-2)
(526,436,123.147034,-2)
(526,435,123.147034,-2)
(527,435,123.147034,-2)
(528,434,123.412651,-2)
(529,434,123.412651,-2)
(529,433,123.412651,-2)
(530,433,123.412651,-2)
(531,432,123.728821,-2)
(532,432,123.728821,-2)
(532,431,123.728821,-2)
(533,431,123.728821,-2)
(534,430,124.097443,-2)
(535,430,124.097443,-2)
(535,429,124.097443,-2)
(536,429,124.097443,-2)
(537,428,124.521713,-2)
(538,428,124.521713,-2)
(538,427,124.521713,-2)
(539,427,124.521713,-2)
(540,426,125.006538,-2)
(541,426,125.006538,-2)
(541,425,125.006538,-2)
(542,425,125.006538,-2)
(542,424,125.006538,-2)
(543,424,125.006538,-2)
(544,423,125.826347,-2)
(545,423,125.826347,-2)
(545,422,125.826347,-2)
(546,422,125.826347,-2)
(547,421,126.489212,-2)
(548,421,126.489212,-2)
(548,420,126.489212,-2)
(549,420,126.489212,-2)
(550,419,127.243057,-2)
(551,418,127.517250,-2)
(552,418,127.517250,-2)
(552,417,127.517250,-2)
(553,417,127.517250,-2)
(553,416,127.517250,-2)
(554,416,127.517250,-2)
(555,415,128.859818,-2)
(556,414,129.210205,-2)
(557,414,129.210205,-2)
(557,413,129.210205,-2)
(558,413,129.210205,-2)
(558,412,129.210205,-2)
(559,412,129.210205,-2)
(560,411,130.945969,-2)
(560,410,130.945969,-2)
(561,410,130.945969,-2)
(561,409,130.945969,-2)
(562,409,130.945969,-2)
(563,408,132.578949,-2)
(564,407,133.323441,-2)
(565,406,133.922150,-2)
(566,405,134.779907,-2)
(567,404,135.473236,-2)
(568,403,136.471725,-2)
(569,402,133.480347,-2)
(570,401,133.897858,-2)
(571,401,133.897858,-2)
(571,400,133.897858,-2)
(572,399,134.586029,-2)
(573,399,134.586029,-2)
(573,398,134.586029,-2)
(574,397,135.234848,-2)
(575,397,135.234848,-2)
(575,396,135.234848,-2)
(576,395,135.855652,-2)
(577,395,135.855652,-2)
(577,394,135.855652,-2)
(578,393,136.456573,-2)
(578,392,136.456573,-2)
(579,392,136.456573,-2)
(580,391,137.044525,-2)
(580,390,137.044525,-2)
(581,390,137.044525,-2)
(581,389,137.044525,-2)
(582,389,137.044525,-2)
(583,388,137.957855,-2)
(583,387,137.957855,-2)
(584,387,137.957855,-2)
(584,386,137.957855,-2)
(585,386,137.957855,-2)
(585,385,137.957855,-2)
(586,384,138.955750,-2)
(587,384,138.955750,-2)
(587,383,138.955750,-2)
(588,382,139.546936,-2)
(588,381,139.546936,-2)
(589,381,139.546936,-2)
(589,380,139.546936,-2)
(590,380,139.546936,-2)
(590,379,139.546936,-2)
(591,378,140.678131,-2)
(592,377,140.947189,-2)
(592,376,140.947189,-2)
(593,376,140.947189,-2)
(593,375,140.947189,-2)
(594,375,140.947189,-2)
(594,374,140.947189,-2)
(595,373,142.161484,-2)
(596,372,142.454559,-2)
(596,371,142.454559,-2)
(597,371,142.454559,-2)
(597,370,142.454559,-2)
(598,370,142.454559,-2)
(598,369,142.454559,-2)
(599,368,143.794678,-2)
(599,367,143.794678,-2)
(600,367,143.794678,-2)
(600,366,143.794678,-2)
(601,365,144.802704,-2)
(602,364,145.156097,-2)
(602,363,145.156097,-2)
(603,363,145.156097,-2)
(603,362,145.156097,-2)
(604,361,146.277039,-2)
(604,360,146.277039,-2)
(605,360,146.277039,-2)
(605,359,146.277039,-2)
(606,358,147.503998,-2)
(606,357,147.503998,-2)
(607,357,147.503998,-2)
(607,356,147.503998,-2)
(607,355,147.503998,-2)
(608,355,147.503998,-2)
(608,354,147.503998,-2)
(609,353,149.850433,-2)
(609,352,149.850433,-2)
(610,352,149.850433,-2)
(610,351,149.850433,-2)
(610,350,149.850433,-2)
(611,350,149.850433,-2)
(611,349,149.850433,-2)
(611,348,149.850433,-2)
(612,348,149.850433,-2)
(612,347,149.850433,-2)
(613,346,153.816238,-2)
(613,345,153.816238,-2)
(613,344,153.816238,-2)
(614,344,153.816238,-2)
(614,343,153.816238,-2)
(614,342,153.816238,-2)
(615,341,157.168701,-2)
(615,340,157.168701,-2)
(616,339,159.009918,-2)
(616,338,159.009918,-2)
(616,337,159.009918,-2)
(617,336,160.095490,-2)
(617,335,160.095490,-2)
(617,334,160.095490,-2)
(618,333,161.737640,-2)
(618,332,161.737640,-2)
(618,331,161.737640,-2)
(619,330,163.130020,-2)
(619,329,163.130020,-2)
(619,328,163.130020,-2)
(619,327,163.130020,-2)
(620,327,163.130020,-2)
(620,326,163.130020,-2)
(620,325,163.130020,-2)
(620,324,163.130020,-2)
(621,323,165.701477,-2)
(621,322,165.701477,-2)
(621,321,165.701477,-2)
(621,320,165.701477,-2)
(622,319,167.040283,-2)
(622,318,167.040283,-2)
(622,317,167.040283,-2)
(622,316,167.040283,-2)
(622,315,167.040283,-2)
(623,314,168.386917,-2)
(623,313,168.386917,-2)
(623,312,168.386917,-2)
(623,311,168.386917,-2)
(623,310,168.386917,-2)
(624,309,169.768845,-2)
(624,308,169.768845,-2)
(624,307,169.768845,-2)
(624,306,169.768845,-2)
(624,305,169.768845,-2)
(624,304,169.768845,-2)
(625,303,171.326370,-2)
(625,302,171.326370,-2)
(625,301,171.326370,-2)
(625,300,171.326370,-2)
(625,299,171.326370,-2)
(625,298,171.326370,-2)
(625,297,171.326370,-2)
(626,296,173.227112,-2)
(626,295,173.227112,-2)
(626,294,173.227112,-2)
(626,293,173.227112,-2)
(626,292,173.227112,-2)
(626,291,173.227112,-2)
(626,290,173.227112,-2)
(626,289,173.227112,-2)
(626,288,173.227112,-2)
(626,287,173.227112,-2)
(626,286,173.227112,-2)
(627,285,176.498230,-2)
(627,284,176.498230,-2)
(627,283,176.498230,-2)
(627,282,176.498230,-2)
(627,281,176.498230,-2)
(627,280,176.498230,-2)
(627,279,176.498230,-2)
(627,278,176.498230,-2)
(627,277,176.498230,-2)
(627,276,176.498230,-2)
(627,275,176.498230,-2)
(627,274,176.498230,-2)
(627,273,176.498230,-2)
(627,272,176.498230,-2)
(627,271,176.498230,-2)
(627,270,176.498230,-2)
(627,269,176.498230,-2)
(627,268,176.498230,-2)
(627,267,176.498230,-2)
(626,266,184.502777,-2)
(626,265,184.502777,-2)
(626,264,184.502777,-2)
(626,263,184.502777,-2)
(626,262,184.502777,-2)
(626,261,184.502777,-2)
(626,260,184.502777,-2)
(626,259,184.502777,-2)
(625,258,190.397629,-2)
(625,257,190.397629,-2)
(625,256,190.397629,-2)
(625,255,190.397629,-2)
(625,254,190.397629,-2)
(624,254,190.397629,-2)
(624,253,190.397629,-2)
(624,252,190.397629,-2)
(624,251,190.397629,-2)
(623,251,190.397629,-2)
(623,250,190.397629,-2)
(623,249,190.397629,-2)
(623,248,190.397629,-2)
(622,248,190.397629,-2)
(622,247,190.397629,-2)
(622,246,190.397629,-2)
(622,245,190.397629,-2)
(621,245,190.397629,-2)
(621,244,190.397629,-2)
(621,243,190.397629,-2)
(620,242,204.408463,-2)
(620,241,204.408463,-2)
(619,241,204.408463,-2)
(619,240,204.408463,-2)
(619,239,204.408463,-2)
(618,238,206.740692,-2)
(618,237,206.740692,-2)
(617,237,206.740692,-2)
(617,236,206.740692,-2)
(617,235,206.740692,-2)
(616,235,206.740692,-2)
(616,234,206.740692,-2)
(616,233,206.740692,-2)
(615,232,209.807297,-2)
(615,231,209.807297,-2)
(614,231,209.807297,-2)
(614,230,209.807297,-2)
(613,229,211.248962,-2)
(613,228,211.248962,-2)
(612,228,211.248962,-2)
(612,227,211.248962,-2)
(611,226,212.604034,-2)
(611,225,212.604034,-2)
(610,225,212.604034,-2)
(610,224,212.604034,-2)
(609,223,213.896301,-2)
(609,222,213.896301,-2)
(608,222,213.896301,-2)
(608,221,213.896301,-2)
(607,220,215.145721,-2)
(607,219,215.145721,-2)
(606,219,215.145721,-2)
(606,218,215.145721,-2)
(605,217,216.370712,-2)
(605,216,216.370712,-2)
(604,216,216.370712,-2)
(604,215,216.370712,-2)
(603,214,217.588623,-2)
(602,214,217.588623,-2)
(602,213,217.588623,-2)
(601,212,218.542114,-2)
(601,211,218.542114,-2)
(600,211,218.542114,-2)
(600,210,218.542114,-2)
(599,209,219.791229,-2)
(598,209,219.791229,-2)
(598,208,219.791229,-2)
(597,207,220.792847,-2)
(596,206,221.233215,-2)
(595,205,221.833023,-2)
(595,204,221.833023,-2)
(594,204,221.833023,-2)
(594,203,221.833023,-2)
(593,203,221.833023,-2)
(592,202,223.577484,-2)
(592,201,223.577484,-2)
(591,201,223.577484,-2)
(591,200,223.577484,-2)
(590,200,223.577484,-2)
(590,199,223.577484,-2)
(589,199,223.577484,-2)
(588,198,226.090652,-2)
(588,197,226.090652,-2)
(587,197,226.090652,-2)
(587,196,226.090652,-2)
(586,196,226.090652,-2)
(586,195,226.090652,-2)
(585,195,226.090652,-2)
(584,194,229.137512,-2)
(583,193,229.892792,-2)
(582,193,229.892792,-2)
(582,192,229.892792,-2)
(581,192,229.892792,-2)
(581,191,229.892792,-2)
(580,191,229.892792,-2)
(579,190,233.805359,-2)
(578,190,233.805359,-2)
(578,189,233.805359,-2)
(577,189,233.805359,-2)
(576,188,237.027496,-2)
(575,188,237.027496,-2)
(575,187,237.027496,-2)
(574,187,237.027496,-2)
(573,186,239.715332,-2)
(572,186,239.715332,-2)
(572,185,239.715332,-2)
(571,185,239.715332,-2)
(570,185,239.715332,-2)
(569,184,242.433807,-2)
(568,184,242.433807,-2)
(568,183,242.433807,-2)
(567,183,242.433807,-2)
(566,183,242.433807,-2)
(565,182,244.697418,-2)
(564,182,244.697418,-2)
(564,181,244.697418,-2)
(563,181,244.697418,-2)
(562,181,244.697418,-2)
(561,180,246.627640,-2)
(560,180,246.627640,-2)
(559,179,247.570953,-2)
(558,179,247.570953,-2)
(557,179,247.570953,-2)
(557,178,247.570953,-2)
(556,178,247.570953,-2)
(555,178,247.570953,-2)
(554,178,247.570953,-2)
(554,177,247.570953,-2)
(553,177,247.570953,-2)
(552,177,247.570953,-2)
(551,176,250.425156,-2)
(550,176,250.425156,-2)
(549,176,250.425156,-2)
(548,175,251.373688,-2)
(547,175,251.373688,-2)
(546,175,251.373688,-2)
(545,174,252.265472,-2)
(544,174,252.265472,-2)
(543,174,252.265472,-2)
(542,173,253.110535,-2)
(541,173,253.110535,-2)
(540,173,253.110535,-2)
(539,173,253.110535,-2)
(539,172,253.110535,-2)
(538,172,253.110535,-2)
(537,172,253.110535,-2)
(536,172,253.110535,-2)
(535,171,254.884796,-2)
(534,171,254.884796,-2)
(533,171,254.884796,-2)
(532,171,254.884796,-2)
(531,170,255.818451,-2)
(530,170,255.818451,-2)
(529,170,255.818451,-2)
(528,170,255.818451,-2)
(527,169,256.731445,-2)
(526,169,256.731445,-2)
(525,169,256.731445,-2)
(524,169,256.731445,-2)
(523,168,257.727325,-2)
(522,168,257.727325,-2)
(521,168,257.727325,-2)
(520,168,257.727325,-2)
(519,168,257.727325,-2)
(518,168,257.727325,-2)
(518,167,257.727325,-2)
(517,167,257.727325,-2)
(516,167,257.727325,-2)
(515,167,257.727325,-2)
(514,167,257.727325,-2)
(513,167,257.727325,-2)
(513,166,257.727325,-2)
(512,166,257.727325,-2)
(511,166,257.727325,-2)
(510,166,257.727325,-2)
(509,166,257.727325,-2)
(508,166,257.727325,-2)
(507,166,257.727325,-2)
(507,165,257.727325,-2)
(506,165,257.727325,-2)
(505,165,257.727325,-2)
(504,165,257.727325,-2)
(503,165,257.727325,-2)
(502,165,257.727325,-2)
(501,165,257.727325,-2)
(500,165,257.727325,-2)
(499,165,257.727325,-2)
(498,164,264.535583,-2)
(497,164,264.535583,-2)
(496,164,264.535583,-2)
(495,164,264.535583,-2)
(494,164,264.535583,-2)
(493,164,264.535583,-2)
(492,164,264.535583,-2)
(491,164,264.535583,-2)
(490,164,264.535583,-2)
(489,164,264.535583,-2)
(488,164,264.535583,-2)
(487,164,264.535583,-2)
(486,164,264.535583,-2)
(485,164,264.535583,-2)
(484,164,264.535583,-2)
(483,164,264.535583,-2)
(482,164,264.535583,-2)
(481,164,264.535583,-2)
(480,164,264.535583,-2)
(479,164,264.535583,-2)
(478,164,264.535583,-2)
(477,164,264.535583,-2)
(476,164,264.535583,-2)
(475,164,264.535583,-2)
(474,164,264.535583,-2)
(473,164,264.535583,-2)
(472,164,264.535583,-2)
(471,164,264.535583,-2)
(470,164,264.535583,-2)
(469,164,264.535583,-2)
(468,164,264.535583,-2)
(467,164,264.535583,-2)
(466,164,264.535583,-2)
(465,164,264.535583,-2)
(464,164,264.535583,-2)
(463,164,264.535583,-2)
(462,164,264.535583,-2)
(461,164,264.535583,-2)
(460,164,264.535583,-2)
(459,164,264.535583,-2)
(458,164,264.535583,-2)
(457,164,264.535583,-2)
(456,164,264.535583,-2)
(455,164,264.535583,-2)
(454,164,264.535583,-2)
(453,164,264.535583,-2)
(452,164,264.535583,-2)
(451,165,274.191589,-2)
(450,165,274.191589,-2)
(449,165,274.191589,-2)
(448,165,274.191589,-2)
(447,165,274.191589,-2)
(446,165,274.191589,-2)
(445,165,274.191589,-2)
(444,165,274.191589,-2)
(443,165,274.191589,-2)
(442,165,274.191589,-2)
(441,165,274.191589,-2)
(440,166,275.987579,-2)
(439,166,275.987579,-2)
(438,166,275.987579,-2)
(437,166,275.987579,-2)
(436,166,275.987579,-2)
(435,166,275.987579,-2)
(434,166,275.987579,-2)
(433,166,275.987579,-2)
(432,166,275.987579,-2)
(432,167,275.987579,-2)
(431,167,275.987579,-2)
(430,167,275.987579,-2)
(429,167,275.987579,-2)
(428,167,275.987579,-2)
(427,167,275.987579,-2)
(426,167,275.987579,-2)
(425,167,275.987579,-2)
(424,168,279.222412,-2)
(423,168,279.222412,-2)
(422,168,279.222412,-2)
(421,168,279.222412,-2)
(420,168,279.222412,-2)
(420,169,279.222412,-2)
(419,169,279.222412,-2)
(418,169,279.222412,-2)
(417,169,279.222412,-2)
(416,169,279.222412,-2)
(415,170,286.726624,-2)
(414,170,286.726624,-2)
(413,170,286.726624,-2)
(412,171,288.318604,-2)
(411,171,288.318604,-2)
(410,171,288.318604,-2)
(410,172,288.318604,-2)
(409,172,288.318604,-2)
(408,172,288.318604,-2)
(407,172,288.318604,-2)
(407,173,288.318604,-2)
(406,173,288.318604,-2)
(405,173,288.318604,-2)
(404,174,291.408112,-2)
(403,174,291.408112,-2)
(402,174,291.408112,-2)
(401,175,292.261353,-2)
(400,175,292.261353,-2)
(400,176,292.261353,-2)
(399,176,292.261353,-2)
(398,176,292.261353,-2)
(397,176,292.261353,-2)
(397,177,292.261353,-2)
(396,177,292.261353,-2)
(395,177,292.261353,-2)
(394,178,293.740784,-2)
(393,178,293.740784,-2)
(393,179,293.740784,-2)
(392,179,293.740784,-2)
(391,179,293.740784,-2)
(390,180,294.298157,-2)
(389,180,294.298157,-2)
(388,181,294.520264,-2)
(387,181,294.520264,-2)
(386,181,294.520264,-2)
(386,182,294.520264,-2)
(385,182,294.520264,-2)
(384,182,294.520264,-2)
(384,183,294.520264,-2)
(383,183,294.520264,-2)
(382,183,294.520264,-2)
(381,184,294.867065,-2)
(380,184,294.867065,-2)
(380,185,294.867065,-2)
(379,185,294.867065,-2)
(378,185,294.867065,-2)
(377,186,294.826660,-2)
(376,186,294.826660,-2)
(375,187,294.728973,-2)
(374,187,294.728973,-2)
(373,187,294.728973,-2)
(373,188,294.728973,-2)
(372,188,294.728973,-2)
(371,188,294.728973,-2)
(370,189,294.324707,-2)
(369,189,294.324707,-2)
(369,190,294.324707,-2)
(368,190,294.324707,-2)
(367,190,294.324707,-2)
(366,191,293.758606,-2)
(365,191,293.758606,-2)
(364,191,293.758606,-2)
(363,192,293.201508,-2)
(362,192,293.201508,-2)
(362,193,293.201508,-2)
(361,193,293.201508,-2)
(360,193,293.201508,-2)
(359,194,292.203979,-2)
(358,194,292.203979,-2)
(357,194,292.203979,-2)
(356,195,291.281738,-2)
(355,195,291.281738,-2)
(354,196,290.461945,-2)
(353,196,290.461945,-2)
(352,196,290.461945,-2)
(351,197,289.167969,-2)
(350,197,289.167969,-2)
(349,197,289.167969,-2)
(349,198,289.167969,-2)
(348,198,289.167969,-2)
(347,198,289.167969,-2)
(346,198,289.167969,-2)
(345,198,289.167969,-2)
(345,199,289.167969,-2)
(344,199,289.167969,-2)
(343,199,289.167969,-2)
(342,200,289.473328,-2)
(341,200,289.473328,-2)
(340,200,289.473328,-2)
(339,201,290.239624,-2)
(338,201,290.239624,-2)
(337,201,290.239624,-2)
(336,202,290.764008,-2)
(335,202,290.764008,-2)
(334,203,291.033264,-2)
(333,203,291.033264,-2)
(332,203,291.033264,-2)
(332,204,291.033264,-2)
(331,204,291.033264,-2)
(330,204,291.033264,-2)
(329,205,291.330139,-2)
(328,205,291.330139,-2)
(327,205,291.330139,-2)
(327,206,291.330139,-2)
(326,206,291.330139,-2)
(325,206,291.330139,-2)
(324,206,291.330139,-2)
(324,207,291.330139,-2)
(323,207,291.330139,-2)
(322,207,291.330139,-2)
(321,208,291.160431,-2)
(320,208,291.160431,-2)
(319,208,291.160431,-2)
(318,209,290.915222,-2)
(317,209,290.915222,-2)
(316,210,290.668793,-2)
(315,210,290.668793,-2)
(314,210,290.668793,-2)
(314,211,290.668793,-2)
(313,211,290.668793,-2)
(312,211,290.668793,-2)
(311,211,290.668793,-2)
(311,212,290.668793,-2)
(310,212,290.668793,-2)
(309,212,290.668793,-2)
(308,212,290.668793,-2)
(308,213,290.668793,-2)
(307,213,290.668793,-2)
(306,213,290.668793,-2)
(305,214,288.669189,-2)
(304,214,288.669189,-2)
(303,214,288.669189,-2)
(302,215,287.844543,-2)
(301,215,287.844543,-2)
(300,215,287.844543,-2)
(299,215,287.844543,-2)
(298,216,286.603699,-2)
(297,216,286.603699,-2)
(296,216,286.603699,-2)
(295,217,285.411377,-2)
(294,217,285.411377,-2)
(293,217,285.411377,-2)
(292,217,285.411377,-2)
(291,218,283.611755,-2)
(290,218,283.611755,-2)
(289,218,283.611755,-2)
(288,218,283.611755,-2)
(287,218,283.611755,-2)
(287,219,283.611755,-2)
(286,219,283.611755,-2)
(285,219,283.611755,-2)
(284,219,283.611755,-2)
(283,219,283.611755,-2)
(282,219,283.611755,-2)
(281,219,283.611755,-2)
(280,220,275.727844,-2)
(279,220,275.727844,-2)
(278,220,275.727844,-2)
(277,220,275.727844,-2)
(276,220,275.727844,-2)
(275,220,275.727844,-2)
(274,220,275.727844,-2)
(273,220,275.727844,-2)
(272,220,275.727844,-2)
(271,220,275.727844,-2)
(270,219,261.377716,-2)
(269,219,261.377716,-2)
(268,219,261.377716,-2)
(267,219,261.377716,-2)
(266,219,261.377716,-2)
(266,218,261.377716,-2)
(265,218,261.377716,-2)
(264,218,261.377716,-2)
(263,217,246.666107,-2)
(262,217,246.666107,-2)
(261,216,243.682831,-2)
(260,216,243.682831,-2)
(259,215,241.600952,-2)
(258,215,241.600952,-2)
(258,214,241.600952,-2)
(257,214,241.600952,-2)
(256,214,241.600952,-2)
(256,213,241.600952,-2)
(255,213,241.600952,-2)
(254,212,236.761017,-2)
(253,212,236.761017,-2)
(253,211,236.761017,-2)
(252,211,236.761017,-2)
(251,210,234.498260,-2)
(250,210,234.498260,-2)
(250,209,234.498260,-2)
(249,209,234.498260,-2)
(248,208,232.530151,-2)
(248,207,232.530151,-2)
(247,207,232.530151,-2)
(246,206,231.144012,-2)
(245,206,231.144012,-2)
(245,205,231.144012,-2)
(244,205,231.144012,-2)
(243,204,229.493973,-2)
(243,203,229.493973,-2)
(242,203,229.493973,-2)
(241,202,228.284241,-2)
(240,201,227.780151,-2)
(239,200,227.118286,-2)
(238,200,227.118286,-2)
(238,199,227.118286,-2)
(237,198,225.980179,-2)
(236,198,225.980179,-2)
(236,197,225.980179,-2)
(235,197,225.980179,-2)
(235,196,225.980179,-2)
(234,195,224.213928,-2)
(233,194,223.731171,-2)
(232,194,223.731171,-2)
(232,193,223.731171,-2)
(231,192,222.593491,-2)
(230,191,221.932159,-2)
(229,190,221.428772,-2)
(229,189,221.428772,-2)
(228,189,221.428772,-2)
(228,188,221.428772,-2)
(227,188,221.428772,-2)
(227,187,221.428772,-2)
(226,186,219.141571,-2)
(225,185,218.581314,-2)
(225,184,218.581314,-2)
(224,184,218.581314,-2)
(224,183,218.581314,-2)
(223,183,218.581314,-2)
(223,182,218.581314,-2)
(222,181,215.946686,-2)
(221,180,215.278214,-2)
(221,179,215.278214,-2)
(220,179,215.278214,-2)
(220,178,215.278214,-2)
(219,177,213.087524,-2)
(219,176,213.087524,-2)
(218,176,213.087524,-2)
(218,175,213.087524,-2)
(218,174,213.087524,-2)
(217,174,213.087524,-2)
(217,173,213.087524,-2)
(216,172,208.546204,-2)
(216,171,208.546204,-2)
(215,170,206.664795,-2)
(215,169,206.664795,-2)
(214,168,204.051788,-2)
(214,167,204.051788,-2)
(214,166,204.051788,-2)
(213,166,204.051788,-2)
(213,165,204.051788,-2)
(213,164,204.051788,-2)
(213,163,204.051788,-2)
(212,163,204.051788,-2)
(212,162,204.051788,-2)
(212,161,204.051788,-2)
(212,160,204.051788,-2)
(212,159,204.051788,-2)
(212,158,204.051788,-2)
(212,157,204.051788,-2)
(211,157,204.051788,-2)
(211,156,204.051788,-2)
(211,155,204.051788,-2)
(211,154,204.051788,-2)
(211,153,204.051788,-2)
(211,152,204.051788,-2)
(211,151,204.051788,-2)
(212,150,176.245636,-2)
(212,149,176.245636,-2)
(212,148,176.245636,-2)
(212,147,176.245636,-2)
(212,146,176.245636,-2)
(212,145,176.245636,-2)
(212,144,176.245636,-2)
(212,143,176.245636,-2)
(212,142,176.245636,-2)
(213,141,169.975708,-2)
(213,140,169.975708,-2)
(213,139,169.975708,-2)
(213,138,169.975708,-2)
(213,137,169.975708,-2)
(214,136,167.229034,-2)
(214,135,167.229034,-2)
(214,134,167.229034,-2)
(214,133,167.229034,-2)
(215,132,165.385864,-2)
(215,131,165.385864,-2)
(215,130,165.385864,-2)
(215,129,165.385864,-2)
(216,129,165.385864,-2)
(216,128,165.385864,-2)
(216,127,165.385864,-2)
(216,126,165.385864,-2)
(217,126,165.385864,-2)
(217,125,165.385864,-2)
(217,124,165.385864,-2)
(217,123,165.385864,-2)
(218,123,165.385864,-2)
(218,122,165.385864,-2)
(218,121,165.385864,-2)
(218,120,165.385864,-2)
(219,120,165.385864,-2)
(219,119,165.385864,-2)
(219,118,165.385864,-2)
(219,117,165.385864,-2)
(220,117,165.385864,-2)
(220,116,165.385864,-2)
(220,115,165.385864,-2)
(221,114,157.892700,-2)
(221,113,157.892700,-2)
(221,112,157.892700,-2)
(222,112,157.892700,-2)
(222,111,157.892700,-2)
(222,110,157.892700,-2)
(223,109,155.880890,-2)
(223,108,155.880890,-2)
(224,108,155.880890,-2)
(224,107,155.880890,-2)
(224,106,155.880890,-2)
(225,105,154.064072,-2)
(225,104,154.064072,-2)
(226,103,153.003067,-2)
(226,102,153.003067,-2)
(227,102,153.003067,-2)
(227,101,153.003067,-2)
(227,100,153.003067,-2)
(228,99,150.870178,-2)
(228,98,150.870178,-2)
(229,98,150.870178,-2)
(229,97,150.870178,-2)
(230,96,148.869553,-2)
(230,95,148.869553,-2)
(231,95,148.869553,-2)
(231,94,148.869553,-2)
(231,93,148.869553,-2)
(232,93,148.869553,-2)
(232,92,148.869553,-2)
(233,91,144.701416,-2)
(233,90,144.701416,-2)
(234,90,144.701416,-2)
(234,89,144.701416,-2)
(235,88,141.373672,-2)
(236,88,141.373672,-2)
(236,87,141.373672,-2)
(237,86,138.063477,-2)
(238,85,136.366486,-2)
(239,84,133.753571,-2)
(240,84,133.753571,-2)
(240,83,133.753571,-2)
(241,83,133.753571,-2)
(242,82,123.183548,-2)
(243,81,121.305298,-2)
(244,81,121.305298,-2)
(244,80,121.305298,-2)
(245,80,121.305298,-2)
(246,80,121.305298,-2)
(246,79,121.305298,-2)
(247,79,121.305298,-2)
(248,79,121.305298,-2)
(249,78,113.198257,-2)
(250,78,113.198257,-2)
(251,78,113.198257,-2)
(251,77,113.198257,-2)
(252,77,113.198257,-2)
(253,77,113.198257,-2)
(254,77,113.198257,-2)
(254,76,113.198257,-2)
(255,76,113.198257,-2)
(256,76,113.198257,-2)
(257,76,113.198257,-2)
(257,75,113.198257,-2)
(258,75,113.198257,-2)
(259,75,113.198257,-2)
(260,75,113.198257,-2)
(260,74,113.198257,-2)
(261,74,113.198257,-2)
(262,74,113.198257,-2)
(263,74,113.198257,-2)
(264,74,113.198257,-2)
(264,73,113.198257,-2)
(265,73,113.198257,-2)
(266,73,113.198257,-2)
(267,73,113.198257,-2)
(268,73,113.198257,-2)
(269,73,113.198257,-2)
(269,72,113.198257,-2)
(270,72,113.198257,-2)
(271,72,113.198257,-2)
(272,72,113.198257,-2)
(273,72,113.198257,-2)
(274,72,113.198257,-2)
(275,71,99.842453,-2)
(276,71,99.842453,-2)
(277,71,99.842453,-2)
(278,71,99.842453,-2)
(279,71,99.842453,-2)
(280,71,99.842453,-2)
(281,70,98.526375,-2)
(282,70,98.526375,-2)
(283,70,98.526375,-2)
(284,70,98.526375,-2)
(285,70,98.526375,-2)
(286,70,98.526375,-2)
(287,70,98.526375,-2)
(288,69,97.358673,-2)
(289,69,97.358673,-2)
(290,69,97.358673,-2)
(291,69,97.358673,-2)
(292,69,97.358673,-2)
(293,69,97.358673,-2)
(294,69,97.358673,-2)
(295,69,97.358673,-2)
(296,68,96.514175,-2)
(297,68,96.514175,-2)
(298,68,96.514175,-2)
(299,68,96.514175,-2)
(300,68,96.514175,-2)
(301,68,96.514175,-2)
(302,68,96.514175,-2)
(303,68,96.514175,-2)
(304,68,96.514175,-2)
(305,67,96.127892,-2)
(306,67,96.127892,-2)
(307,67,96.127892,-2)
(308,67,96.127892,-2)
(309,67,96.127892,-2)
(310,67,96.127892,-2)
(311,67,96.127892,-2)
(312,67,96.127892,-2)
(313,67,96.127892,-2)
(314,67,96.127892,-2)
(314,66,96.127892,-2)
(315,66,96.127892,-2)
(316,66,96.127892,-2)
(317,66,96.127892,-2)
(318,66,96.127892,-2)
(319,66,96.127892,-2)
(320,66,96.127892,-2)
(321,66,96.127892,-2)
(322,66,96.127892,-2)
(323,65,95.399315,-2)
(324,65,95.399315,-2)
(325,65,95.399315,-2)
(326,65,95.399315,-2)
(327,65,95.399315,-2)
(328,65,95.399315,-2)
(329,65,95.399315,-2)
(330,65,95.399315,-2)
(331,65,95.399315,-2)
(332,65,95.399315,-2)
(333,65,95.399315,-2)
(334,65,95.399315,-2)
(335,65,95.399315,-2)
(336,65,95.399315,-2)
(337,65,95.399315,-2)
(338,65,95.399315,-2)
(339,65,95.399315,-2)
(340,65,95.399315,-2)
(340,64,95.399315,-2)
(341,64,95.399315,-2)
(342,64,95.399315,-2)
(343,64,95.399315,-2)
(344,64,95.399315,-2)
(345,64,95.399315,-2)
(346,64,95.399315,-2)
(347,64,95.399315,-2)
(348,64,95.399315,-2)
(349,64,95.399315,-2)
(350,64,95.399315,-2)
(351,64,95.399315,-2)
(352,64,95.399315,-2)
(353,64,95.399315,-2)
(354,64,95.399315,-2)
(355,64,95.399315,-2)
(356,64,95.399315,-2)
(357,64,95.399315,-2)
(358,64,95.399315,-2)
(359,64,95.399315,-2)
(360,64,95.399315,-2)
(361,64,95.399315,-2)
(362,64,95.399315,-2)
(363,64,95.399315,-2)
(364,64,95.399315,-2)
(365,64,95.399315,-2)
(366,64,95.399315,-2)
(367,64,95.399315,-2)
(368,64,95.399315,-2)
(369,65,89.005013,-2)
(370,65,89.005013,-2)
(371,65,89.005013,-2)
(372,65,89.005013,-2)
(373,65,89.005013,-2)
(374,65,89.005013,-2)
(375,65,89.005013,-2)
(376,65,89.005013,-2)
(377,65,89.005013,-2)
(378,65,89.005013,-2)
(379,65,89.005013,-2)
(380,65,89.005013,-2)
(381,65,89.005013,-2)
(382,65,89.005013,-2)
(383,65,89.005013,-2)
(384,65,89.005013,-2)
(385,65,89.005013,-2)
(386,65,89.005013,-2)
(387,65,89.005013,-2)
(388,65,89.005013,-2)
(389,65,89.005013,-2)
(390,65,89.005013,-2)
(391,65,89.005013,-2)
(392,65,89.005013,-2)
(393,65,89.005013,-2)
(394,65,89.005013,-2)
(395,65,89.005013,-2)
(396,65,89.005013,-2)
(397,65,89.005013,-2)
(398,65,89.005013,-2)
(399,65,89.005013,-2)
(400,65,89.005013,-2)
(401,65,89.005013,-2)
(402,65,89.005013,-2)
(403,65,89.005013,-2)
(404,65,89.005013,-2)
(405,65,89.005013,-2)
(406,65,89.005013,-2)
(407,65,89.005013,-2)
(408,65,89.005013,-2)
(409,65,89.005013,-2)
(410,65,89.005013,-2)
(411,65,89.005013,-2)
(412,65,89.005013,-2)
(413,65,89.005013,-2)
(414,65,89.005013,-2)
(415,65,89.005013,-2)
(416,65,89.005013,-2)
(417,65,89.005013,-2)
(418,65,89.005013,-2)
(419,65,89.005013,-2)
(420,65,89.005013,-2)
(421,65,89.005013,-2)
(422,65,89.005013,-2)
(423,65,89.005013,-2)
(424,65,89.005013,-2)
(425,65,89.005013,-2)
(426,65,89.005013,-2)
(427,65,89.005013,-2)
(428,65,89.005013,-2)
(429,65,89.005013,-2)
(430,65,89.005013,-2)
(431,65,89.005013,-2)
(432,65,89.005013,-2)
(433,65,89.005013,-2)
(434,65,89.005013,-2)
(435,65,89.005013,-2)
(436,65,89.005013,-2)
(437,65,89.005013,-2)
(438,65,89.005013,-2)
(439,65,89.005013,-2)
(440,65,89.005013,-2)
(441,65,89.005013,-2)
(442,65,89.005013,-2)
(443,65,89.005013,-2)
(444,65,89.005013,-2)
(445,65,89.005013,-2)
(446,65,89.005013,-2)
(447,65,89.005013,-2)
(448,65,89.005013,-2)
(449,65,89.005013,-2)
(450,65,89.005013,-2)
(451,65,89.005013,-2)
(452,65,89.005013,-2)
(453,65,89.005013,-2)
(454,65,89.005013,-2)
(455,65,89.005013,-2)
(456,65,89.005013,-2)
(457,65,89.005013,-2)
(458,65,89.005013,-2)
(459,65,89.005013,-2)
(460,65,89.005013,-2)
(461,65,89.005013,-2)
(462,65,89.005013,-2)
(463,65,89.005013,-2)
(464,65,89.005013,-2)
(465,65,89.005013,-2)
(466,65,89.005013,-2)
(467,65,89.005013,-2)
(468,65,89.005013,-2)
(469,65,89.005013,-2)
(470,65,89.005013,-2)
(471,65,89.005013,-2)
(472,65,89.005013,-2)
(473,65,89.005013,-2)
(474,65,89.005013,-2)
(475,65,89.005013,-2)
(476,65,89.005013,-2)
(477,65,89.005013,-2)
(478,65,89.005013,-2)
(479,65,89.005013,-2)
(480,65,89.005013,-2)
(481,65,89.005013,-2)
(482,65,89.005013,-2)
(483,65,89.005013,-2)
(484,65,89.005013,-2)
(485,65,89.005013,-2)
(486,65,89.005013,-2)
(487,65,89.005013,-2)
(488,65,89.005013,-2)
(489,65,89.005013,-2)
(490,65,89.005013,-2)
(491,65,89.005013,-2)
(492,65,89.005013,-2)
(493,65,89.005013,-2)
(494,65,89.005013,-2)
(495,65,89.005013,-2)
(496,65,89.005013,-2)
(497,65,89.005013,-2)
(498,65,89.005013,-2)
(499,65,89.005013,-2)
(500,65,89.005013,-2)
(501,65,89.005013,-2)
(502,65,89.005013,-2)
(503,65,89.005013,-2)
(504,65,89.005013,-2)
(505,65,89.005013,-2)
(506,65,89.005013,-2)
(507,65,89.005013,-2)
(508,65,89.005013,-2)
(509,65,89.005013,-2)
(510,65,89.005013,-2)
(511,65,89.005013,-2)
(512,65,89.005013,-2)
(513,65,89.005013,-2)
(514,65,89.005013,-2)
(515,65,89.005013,-2)
(516,65,89.005013,-2)
(517,65,89.005013,-2)
(518,65,89.005013,-2)
(519,65,89.005013,-2)
(520,65,89.005013,-2)
(521,65,89.005013,-2)
(522,65,89.005013,-2)
(523,65,89.005013,-2)
(524,65,89.005013,-2)
(525,65,89.005013,-2)
(526,65,89.005013,-2)
(527,65,89.005013,-2)
(528,65,89.005013,-2)
(529,65,89.005013,-2)
(530,65,89.005013,-2)
(531,65,89.005013,-2)
(532,65,89.005013,-2)
(533,65,89.005013,-2)
(534,65,89.005013,-2)
(535,65,89.005013,-2)
(536,65,89.005013,-2)
(537,65,89.005013,-2)
(538,65,89.005013,-2)
(539,65,89.005013,-2)
(540,65,89.005013,-2)
(541,65,89.005013,-2)
(542,65,89.005013,-2)
(543,65,89.005013,-2)
(544,65,89.005013,-2)
(545,65,89.005013,-2)
(546,65,89.005013,-2)
(547,65,89.005013,-2)
(548,65,89.005013,-2)
(549,65,89.005013,-2)
(550,65,89.005013,-2)
(551,65,89.005013,-2)
(552,65,89.005013,-2)
(553,65,89.005013,-2)
(554,65,89.005013,-2)
(555,65,89.005013,-2)
(556,65,89.005013,-2)
(557,65,89.005013,-2)
(558,65,89.005013,-2)
(559,65,89.005013,-2)
(560,65,89.005013,-2)
(561,65,89.005013,-2)
(562,65,89.005013,-2)
(563,65,89.005013,-2)
(564,65,89.005013,-2)
(565,65,89.005013,-2)
(566,65,89.005013,-2)
(567,65,89.005013,-2)
(568,65,89.005013,-2)
(569,65,89.005013,-2)
(570,65,89.005013,-2)
(571,65,89.005013,-2)
(572,65,89.005013,-2)
(573,65,89.005013,-2)
(574,65,89.005013,-2)
(575,65,89.005013,-2)
(576,65,89.005013,-2)
(577,65,89.005013,-2)
(578,65,89.005013,-2)
(579,65,89.005013,-2)
(580,65,89.005013,-2)
(581,65,89.005013,-2)
(582,65,89.005013,-2)
(583,65,89.005013,-2)
(584,65,89.005013,-2)
(585,65,89.005013,-2)
(586,65,89.005013,-2)
(587,65,89.005013,-2)
(588,65,89.005013,-2)
(589,65,89.005013,-2)
(590,65,89.005013,-2)
(591,65,89.005013,-2)
(592,65,89.005013,-2)
(593,65,89.005013,-2)
(594,65,89.005013,-2)
(595,65,89.005013,-2)
(596,65,89.005013,-2)
(597,65,89.005013,-2)
(598,65,89.005013,-2)
(599,65,89.005013,-2)
(600,65,89.005013,-2)
(601,65,89.005013,-2)
(602,65,89.005013,-2)
(603,65,89.005013,-2)
(604,65,89.005013,-2)
(605,65,89.005013,-2)
(606,65,89.005013,-2)
(607,65,89.005013,-2)
(608,65,89.005013,-2)
(609,65,89.005013,-2)
(610,65,89.005013,-2)
(611,65,89.005013,-2)
(612,65,89.005013,-2)
(613,65,89.005013,-2)
(614,65,89.005013,-2)
(615,65,89.005013,-2)
(616,65,89.005013,-2)
(617,65,89.005013,-2)
(618,65,89.005013,-2)
(619,65,89.005013,-2)
(620,65,89.005013,-2)
(621,65,89.005013,-2)
(622,65,89.005013,-2)
(623,65,89.005013,-2)
(624,65,89.005013,-2)
(625,65,89.005013,-2)
(626,65,89.005013,-2)
(626,64,89.005013,-2)
(627,64,89.005013,-2)
(628,64,89.005013,-2)
(629,64,89.005013,-2)
(630,64,89.005013,-2)
(631,64,89.005013,-2)
(632,64,89.005013,-2)
(633,64,89.005013,-2)
(634,64,89.005013,-2)
(635,64,89.005013,-2)
(636,64,89.005013,-2)
(637,64,89.005013,-2)
(638,64,89.005013,-2)
(639,64,89.005013,-2)
(640,63,95.800461,-2)
(641,63,95.800461,-2)
(642,63,95.800461,-2)
(643,63,95.800461,-2)
(644,63,95.800461,-2)
(645,63,95.800461,-2)
(646,63,95.800461,-2)
(647,63,95.800461,-2)
(648,63,95.800461,-2)
(648,62,95.800461,-2)
(649,62,95.800461,-2)
(650,62,95.800461,-2)
(651,62,95.800461,-2)
(652,62,95.800461,-2)
(653,62,95.800461,-2)
(654,62,95.800461,-2)
(655,61,99.139412,-2)
(656,61,99.139412,-2)
(657,61,99.139412,-2)
(658,61,99.139412,-2)
(659,61,99.139412,-2)
(660,61,99.139412,-2)
(661,60,100.022675,-2)
(662,60,100.022675,-2)
(663,60,100.022675,-2)
(664,60,100.022675,-2)
(665,60,100.022675,-2)
(666,60,100.022675,-2)
(667,59,100.821793,-2)
(668,59,100.821793,-2)
(669,59,100.821793,-2)
(670,59,100.821793,-2)
(671,59,100.821793,-2)
(671,58,100.821793,-2)
(672,58,100.821793,-2)
(673,58,100.821793,-2)
(674,58,100.821793,-2)
(675,58,100.821793,-2)
(676,58,100.821793,-2)
(676,57,100.821793,-2)
(677,57,100.821793,-2)
(678,57,100.821793,-2)
(679,57,100.821793,-2)
(680,57,100.821793,-2)
(681,56,102.596985,-2)
(682,56,102.596985,-2)
(683,56,102.596985,-2)
(684,56,102.596985,-2)
(685,56,102.596985,-2)
(685,55,102.596985,-2)
(686,55,102.596985,-2)
(687,55,102.596985,-2)
(688,55,102.596985,-2)
(689,55,102.596985,-2)
(689,54,102.596985,-2)
(690,54,102.596985,-2)
(691,54,102.596985,-2)
(692,54,102.596985,-2)
(693,54,102.596985,-2)
(694,53,104.266541,-2)
(695,53,104.266541,-2)
(696,53,104.266541,-2)
(697,53,104.266541,-2)
(698,52,104.816650,-2)
(699,52,104.816650,-2)
(700,52,104.816650,-2)
(701,52,104.816650,-2)
(701,51,104.816650,-2)
(702,51,104.816650,-2)
(703,51,104.816650,-2)
(704,51,104.816650,-2)
(705,50,105.899338,-2)
(706,50,105.899338,-2)
(707,50,105.899338,-2)
(708,50,105.899338,-2)
(708,49,105.899338,-2)
(709,49,105.899338,-2)
(710,49,105.899338,-2)
(711,49,105.899338,-2)
(711,48,105.899338,-2)
(712,48,105.899338,-2)
(713,48,105.899338,-2)
(714,48,105.899338,-2)
(715,47,107.798859,-2)
(716,47,107.798859,-2)
(717,47,107.798859,-2)
(718,46,108.506287,-2)
(719,46,108.506287,-2)
(720,46,108.506287,-2)
(721,45,109.297318,-2)
(722,45,109.297318,-2)
(723,45,109.297318,-2)
(724,44,110.194565,-2)
(725,44,110.194565,-2)
(726,44,110.194565,-2)
(726,43,110.194565,-2)
(727,43,110.194565,-2)
(728,43,110.194565,-2)
(728,42,110.194565,-2)
(729,42,110.194565,-2)
(730,42,110.194565,-2)
(731,41,113.210617,-2)
(732,41,113.210617,-2)
(733,41,113.210617,-2)
(733,40,113.210617,-2)
(734,40,113.210617,-2)
(735,40,113.210617,-2)
(735,39,113.210617,-2)
(736,39,113.210617,-2)
(737,39,113.210617,-2)
(738,38,115.514458,-2)
(739,38,115.514458,-2)
(739,37,115.514458,-2)
(740,37,115.514458,-2)
(741,37,115.514458,-2)
(742,36,116.450233,-2)
(743,36,116.450233,-2)
(743,35,116.450233,-2)
(744,35,116.450233,-2)
(745,35,116.450233,-2)
(746,34,117.209763,-2)
(747,34,117.209763,-2)
(747,33,117.209763,-2)
(748,33,117.209763,-2)
(749,33,117.209763,-2)
(749,32,117.209763,-2)
(750,32,117.209763,-2)
(751,32,117.209763,-2)
(752,31,118.145660,-2)
(753,31,118.145660,-2)
(753,30,118.145660,-2)
(754,30,118.145660,-2)
(755,30,118.145660,-2)
(755,29,118.145660,-2)
(756,29,118.145660,-2)
(757,28,118.805290,-2)
(758,28,118.805290,-2)
(759,27,118.999084,-2)
(760,27,118.999084,-2)
(760,26,118.999084,-2)
(761,26,118.999084,-2)
(762,26,118.999084,-2)
(762,25,118.999084,-2)
(763,25,118.999084,-2)
(764,24,119.518555,-2)
(765,24,119.518555,-2)
(766,23,119.673996,-2)
(767,23,119.673996,-2)
(767,22,119.673996,-2)
(768,22,119.673996,-2)
(769,22,119.673996,-2)
(769,21,119.673996,-2)
(770,21,119.673996,-2)
(771,20,120.096191,-2)
(772,20,120.096191,-2)
(773,19,120.223907,-2)
(774,19,120.223907,-2)
(774,18,120.223907,-2)
(775,18,120.223907,-2)
(776,18,120.223907,-2)
(776,17,120.223907,-2)
(777,17,120.223907,-2)
(778,16,120.572876,-2)
(779,16,120.572876,-2)
(779,15,120.572876,-2)
(780,15,120.572876,-2)
(781,15,120.572876,-2)
(781,14,120.572876,-2)
(782,14,120.572876,-2)
(783,13,120.873909,-2)
(784,13,120.873909,-2)
(785,12,120.963501,-2)
(786,12,120.963501,-2)
(786,11,120.963501,-2)
(787,11,120.963501,-2)
(788,10,121.109482,-2)
(789,10,121.109482,-2)
(789,9,121.109482,-2)
(790,9,121.109482,-2)
(791,9,121.109482,-2)
(791,8,121.109482,-2)
(792,8,121.109482,-2)
(793,7,121.290344,-2)
(794,7,121.290344,-2)
(795,6,121.320389,-2)
(796,6,121.320389,-2)
(796,5,121.320389,-2)
(797,5,121.320389,-2)
(798,4,121.278397,-2)
(799,4,121.278397,-2)
(799,3,121.278397,-2)
(800,3,121.278397,-2)
(800,3,121.278397,-2)
(801,2,121.278397,-2)
(802,1,121.278397,-2)
(803,0,121.278397,-2)
(804,-1,121.278397,-2)
(805,-2,121.278397,-2)
(806,-3,121.278397,-2)
(807,-4,121.278397,-2)
(808,-5,121.278397,-2)
(809,-6,121.278397,-2)
(810,-7,121.278397,-2)
(811,-8,121.278397,-2)
(812,-9,121.278397,-2)
(813,-10,121.278397,-2)
(814,-11,121.278397,-2)
(815,-12,121.278397,-2)
(816,-13,121.278397,-2)
(817,-14,121.278397,-2)
(818,-15,121.278397,-2)
(819,-16,121.278397,-2)
(820,-17,121.278397,-2)
(821,-18,121.278397,-2)
(822,-19,121.278397,-2)
(823,-20,121.278397,-2)
(824,-21,121.278397,-2)
(825,-22,121.278397,-2)
(826,-23,121.278397,-2)
(827,-24,121.278397,-2)
(828,-25,121.278397,-2)
(829,-26,121.278397,-2)
(830,-27,121.278397,-2)
(831,-28,121.278397,-2)
(832,-29,121.278397,-2)
(833,-30,121.278397,-2)
(834,-31,121.278397,-2)
(835,-32,121.278397,-2)
(836,-33,121.278397,-2)
(837,-34,121.278397,-2)
(838,-35,121.278397,-2)
(839,-36,121.278397,-2)
(840,-37,121.278397,-2)
(841,-38,121.278397,-2)
(842,-39,121.278397,-2)
(843,-40,121.278397,-2)
(844,-41,121.278397,-2)
(845,-42,121.278397,-2)
(846,-43,121.278397,-2)
(847,-44,121.278397,-2)
(848,-45,121.278397,-2)
(849,-46,121.278397,-2)
(850,-47,121.278397,-2)
(851,-48,121.278397,-2)
(852,-49,121.278397,-2)
(853,-50,121.278397,-2)
(854,-51,121.278397,-2)
(855,-52,121.278397,-2)
(856,-53,121.278397,-2)
(857,-54,121.278397,-2)
(858,-55,121.278397,-2)
(859,-56,121.278397,-2)
(860,-57,121.278397,-2)
(861,-58,121.278397,-2)
(862,-59,121.278397,-2)
(863,-60,121.278397,-2)
(864,-61,121.278397,-2)
(865,-62,121.278397,-2)
(866,-63,121.278397,-2)
(867,-64,121.278397,-2)
(868,-65,121.278397,-2)
(869,-66,121.278397,-2)
(870,-67,121.278397,-2)
(871,-68,121.278397,-2)
(872,-69,121.278397,-2)
(873,-70,121.278397,-2)
(874,-71,121.278397,-2)
(875,-72,121.278397,-2)
(876,-73,121.278397,-2)
(877,-74,121.278397,-2)
(878,-75,121.278397,-2)
(879,-76,121.278397,-2)
(880,-77,121.278397,-2)
(881,-78,121.278397,-2)
(882,-79,121.278397,-2)
(883,-80,121.278397,-2)
(884,-81,121.278397,-2)
(885,-82,121.278397,-2)
(886,-83,121.278397,-2)
(887,-84,121.278397,-2)
(888,-85,121.278397,-2)
(889,-86,121.278397,-2)
(890,-87,121.278397,-2)
(891,-88,121.278397,-2)
(892,-89,121.278397,-2)
(893,-90,121.278397,-2)
(894,-91,121.278397,-2)
(895,-92,121.278397,-2)
(896,-93,121.278397,-2)
(897,-94,121.278397,-2)
(898,-95,121.278397,-2)
(899,-96,121.278397,-2)
(900,-97,121.278397,-2)
(901,-98,121.278397,-2)
(902,-99,121.278397,-2)
(903,-100,121.278397,-2)
(904,-101,121.278397,-2)
(905,-102,121.278397,-2)
(906,-103,121.278397,-2)
(907,-104,121.278397,-2)
(908,-105,121.278397,-2)
(909,-106,121.278397,-2)
(910,-107,121.278397,-2)
(911,-108,121.278397,-2)
(912,-109,121.278397,-2)
(913,-110,121.278397,-2)
(914,-111,121.278397,-2)
(915,-112,121.278397,-2)
(916,-113,121.278397,-2)
(917,-114,121.278397,-2)
(918,-115,121.278397,-2)
(919,-116,121.278397,-2)
(920,-117,121.278397,-2)
(921,-118,121.278397,-2)
(922,-119,121.278397,-2)
(923,-120,121.278397,-2)
(924,-121,121.278397,-2)
(925,-122,121.278397,-2)
(926,-123,121.278397,-2)
(927,-124,121.278397,-2)
(928,-125,121.278397,-2)
(929,-126,121.278397,-2)
(930,-127,121.278397,-2)
(931,-128,121.278397,-2)
(932,-129,121.278397,-2)
(933,-130,121.278397,-2)
(934,-131,121.278397,-2)
(935,-132,121.278397,-2)
(936,-133,121.278397,-2)
(937,-134,121.278397,-2)
(938,-135,121.278397,-2)
(939,-136,121.278397,-2)
(940,-137,121.278397,-2)
(941,-138,121.278397,-2)
(942,-139,121.278397,-2)
(943,-140,121.278397,-2)
(944,-141,121.278397,-2)
(945,-142,121.278397,-2)
(946,-143,121.278397,-2)
(947,-144,121.278397,-2)
(948,-145,121.278397,-2)
(949,-146,121.278397,-2)
(950,-147,121.278397,-2)
(951,-148,121.278397,-2)
(952,-149,121.278397,-2)
(953,-150,121.278397,-2)
(954,-151,121.278397,-2)
(955,-152,121.278397,-2)
(956,-153,121.278397,-2)
(957,-154,121.278397,-2)
(958,-155,121.278397,-2)
(959,-156,121.278397,-2)
(960,-157,121.278397,-2)
(961,-158,121.278397,-2)
(962,-159,121.278397,-2)
(963,-160,121.278397,-2)
(964,-161,121.278397,-2)
(965,-162,121.278397,-2)
(966,-163,121.278397,-2)
(967,-164,121.278397,-2)
(968,-165,121.278397,-2)
(969,-166,121.278397,-2)
(970,-167,121.278397,-2)
(971,-168,121.278397,-2)
(972,-169,121.278397,-2)
(973,-170,121.278397,-2)
(974,-171,121.278397,-2)
(975,-172,121.278397,-2)
(976,-173,121.278397,-2)
(977,-174,121.278397,-2)
(978,-175,121.278397,-2)
(979,-176,121.278397,-2)
(980,-177,121.278397,-2)
(981,-178,121.278397,-2)
(982,-179,121.278397,-2)
(983,-180,121.278397,-2)
(984,-181,121.278397,-2)
(985,-182,121.278397,-2)
(986,-183,121.278397,-2)
(987,-184,121.278397,-2)
(988,-185,121.278397,-2)
(989,-186,121.278397,-2)
(990,-187,121.278397,-2)
(991,-188,121.278397,-2)
(992,-189,121.278397,-2)
(993,-190,121.278397,-2)
(994,-191,121.278397,-2)
(995,-192,121.278397,-2)
(996,-193,121.278397,-2)
(997,-194,121.278397,-2)
(998,-195,121.278397,-2)
(999,-196,121.278397,-2)
(1000,-197,121.278397,-2)
(1001,-198,121.278397,-2)
(1002,-199,121.278397,-2)
(1003,-200,121.278397,-2)
(1004,-201,121.278397,-2)
(1005,-202,121.278397,-2)
(1006,-203,121.278397,-2)
(1007,-204,121.278397,-2)
(1008,-205,121.278397,-2)
(1009,-206,121.278397,-2)
(1010,-207,121.278397,-2)
(1011,-208,121.278397,-2)
(1012,-209,121.278397,-2)
(1013,-210,121.278397,-2)
(1014,-211,121.278397,-2)
(1015,-212,121.278397,-2)
(1016,-213,121.278397,-2)
(1017,-214,121.278397,-2)
(1018,-215,121.278397,-2)
(1019,-216,121.278397,-2)
(1020,-217,121.278397,-2)
(1021,-218,121.278397,-2)
(1022,-219,121.278397,-2)
(1023,-220,121.278397,-2)
(1024,-221,121.278397,-2)
(1025,-222,121.278397,-2)
(1026,-223,121.278397,-2)
(1027,-224,121.278397,-2)
(1028,-225,121.278397,-2)
(1029,-226,121.278397,-2)
(1030,-227,121.278397,-2)
(1031,-228,121.278397,-2)
(1032,-229,121.278397,-2)
(1033,-230,121.278397,-2)
(1034,-231,121.278397,-2)
(1035,-232,121.278397,-2)
(1036,-233,121.278397,-2)
(1037,-234,121.278397,-2)
(1038,-235,121.278397,-2)
(1039,-236,121.278397,-2)
(1040,-237,121.278397,-2)
(1041,-238,121.278397,-2)
(1042,-239,121.278397,-2)
(1043,-240,121.278397,-2)
(1044,-241,121.278397,-2)
(1045,-242,121.278397,-2)
(1046,-243,121.278397,-2)
(1047,-244,121.278397,-2)
(1048,-245,121.278397,-2)
(1049,-246,121.278397,-2)
(1050,-247,121.278397,-2)
(1051,-248,121.278397,-2)
(1052,-249,121.278397,-2)
(1053,-250,121.278397,-2)
