18
(96,-293,360.000000,-2)
(96,-292,360.000000,-2)
(96,-291,360.000000,-2)
(96,-290,360.000000,-2)
(96,-289,360.000000,-2)
(96,-288,360.000000,-2)
(96,-287,360.000000,-2)
(96,-286,360.000000,-2)
(96,-285,360.000000,-2)
(96,-284,360.000000,-2)
(96,-283,360.000000,-2)
(96,-282,360.000000,-2)
(96,-281,360.000000,-2)
(96,-280,360.000000,-2)
(96,-279,360.000000,-2)
(96,-278,360.000000,-2)
(96,-277,360.000000,-2)
(96,-276,360.000000,-2)
(96,-275,360.000000,-2)
(96,-274,360.000000,-2)
(96,-273,360.000000,-2)
(96,-272,360.000000,-2)
(96,-271,360.000000,-2)
(96,-270,360.000000,-2)
(96,-269,360.000000,-2)
(96,-268,360.000000,-2)
(96,-267,360.000000,-2)
(96,-266,360.000000,-2)
(96,-265,360.000000,-2)
(96,-264,360.000000,-2)
(96,-263,360.000000,-2)
(96,-262,360.000000,-2)
(96,-261,360.000000,-2)
(96,-260,360.000000,-2)
(96,-259,360.000000,-2)
(96,-258,360.000000,-2)
(96,-257,360.000000,-2)
(96,-256,360.000000,-2)
(96,-255,360.000000,-2)
(96,-254,360.000000,-2)
(96,-253,360.000000,-2)
(96,-252,360.000000,-2)
(96,-251,360.000000,-2)
(96,-250,360.000000,-2)
(96,-249,360.000000,-2)
(96,-248,360.000000,-2)
(96,-247,360.000000,-2)
(96,-246,360.000000,-2)
(96,-245,360.000000,-2)
(96,-244,360.000000,-2)
(96,-243,360.000000,-2)
(96,-242,360.000000,-2)
(96,-241,360.000000,-2)
(96,-240,360.000000,-2)
(96,-239,360.000000,-2)
(96,-238,360.000000,-2)
(96,-237,360.000000,-2)
(96,-236,360.000000,-2)
(96,-235,360.000000,-2)
(96,-234,360.000000,-2)
(96,-233,360.000000,-2)
(96,-232,360.000000,-2)
(96,-231,360.000000,-2)
(96,-230,360.000000,-2)
(96,-229,360.000000,-2)
(96,-228,360.000000,-2)
(96,-227,360.000000,-2)
(96,-226,360.000000,-2)
(96,-225,360.000000,-2)
(96,-224,360.000000,-2)
(96,-223,360.000000,-2)
(96,-222,360.000000,-2)
(96,-221,360.000000,-2)
(96,-220,360.000000,-2)
(96,-219,360.000000,-2)
(96,-218,360.000000,-2)
(96,-217,360.000000,-2)
(96,-216,360.000000,-2)
(96,-215,360.000000,-2)
(96,-214,360.000000,-2)
(96,-213,360.000000,-2)
(96,-212,360.000000,-2)
(96,-211,360.000000,-2)
(96,-210,360.000000,-2)
(96,-209,360.000000,-2)
(96,-208,360.000000,-2)
(96,-207,360.000000,-2)
(96,-206,360.000000,-2)
(96,-205,360.000000,-2)
(96,-204,360.000000,-2)
(96,-203,360.000000,-2)
(96,-202,360.000000,-2)
(96,-201,360.000000,-2)
(96,-200,360.000000,-2)
(96,-199,360.000000,-2)
(96,-198,360.000000,-2)
(96,-197,360.000000,-2)
(96,-196,360.000000,-2)
(96,-195,360.000000,-2)
(96,-194,360.000000,-2)
(96,-193,360.000000,-2)
(96,-192,360.000000,-2)
(96,-191,360.000000,-2)
(96,-190,360.000000,-2)
(96,-189,360.000000,-2)
(96,-188,360.000000,-2)
(96,-187,360.000000,-2)
(96,-186,360.000000,-2)
(96,-185,360.000000,-2)
(96,-184,360.000000,-2)
(96,-183,360.000000,-2)
(96,-182,360.000000,-2)
(96,-181,360.000000,-2)
(96,-180,360.000000,-2)
(96,-179,360.000000,-2)
(96,-178,360.000000,-2)
(96,-177,360.000000,-2)
(96,-176,360.000000,-2)
(96,-175,360.000000,-2)
(96,-174,360.000000,-2)
(96,-173,360.000000,-2)
(96,-172,360.000000,-2)
(96,-171,360.000000,-2)
(96,-170,360.000000,-2)
(96,-169,360.000000,-2)
(96,-168,360.000000,-2)
(96,-167,360.000000,-2)
(96,-166,360.000000,-2)
(96,-165,360.000000,-2)
(96,-164,360.000000,-2)
(96,-163,360.000000,-2)
(96,-162,360.000000,-2)
(96,-161,360.000000,-2)
(96,-160,360.000000,-2)
(96,-159,360.000000,-2)
(96,-158,360.000000,-2)
(96,-157,360.000000,-2)
(96,-156,360.000000,-2)
(96,-155,360.000000,-2)
(96,-154,360.000000,-2)
(96,-153,360.000000,-2)
(96,-152,360.000000,-2)
(96,-151,360.000000,-2)
(96,-150,360.000000,-2)
(96,-149,360.000000,-2)
(96,-148,360.000000,-2)
(96,-147,360.000000,-2)
(96,-146,360.000000,-2)
(96,-145,360.000000,-2)
(96,-144,360.000000,-2)
(96,-143,360.000000,-2)
(96,-142,360.000000,-2)
(96,-141,360.000000,-2)
(96,-140,360.000000,-2)
(96,-139,360.000000,-2)
(96,-138,360.000000,-2)
(96,-137,360.000000,-2)
(96,-136,360.000000,-2)
(96,-135,360.000000,-2)
(96,-134,360.000000,-2)
(96,-133,360.000000,-2)
(96,-132,360.000000,-2)
(96,-131,360.000000,-2)
(96,-130,360.000000,-2)
(96,-129,360.000000,-2)
(96,-128,360.000000,-2)
(96,-127,360.000000,-2)
(96,-126,360.000000,-2)
(96,-125,360.000000,-2)
(96,-124,360.000000,-2)
(96,-123,360.000000,-2)
(96,-122,360.000000,-2)
(96,-121,360.000000,-2)
(96,-120,360.000000,-2)
(96,-119,360.000000,-2)
(96,-118,360.000000,-2)
(96,-117,360.000000,-2)
(96,-116,360.000000,-2)
(96,-115,360.000000,-2)
(96,-114,360.000000,-2)
(96,-113,360.000000,-2)
(96,-112,360.000000,-2)
(96,-111,360.000000,-2)
(96,-110,360.000000,-2)
(96,-109,360.000000,-2)
(96,-108,360.000000,-2)
(96,-107,360.000000,-2)
(96,-106,360.000000,-2)
(96,-105,360.000000,-2)
(96,-104,360.000000,-2)
(96,-103,360.000000,-2)
(96,-102,360.000000,-2)
(96,-101,360.000000,-2)
(96,-100,360.000000,-2)
(96,-99,360.000000,-2)
(96,-98,360.000000,-2)
(96,-97,360.000000,-2)
(96,-96,360.000000,-2)
(96,-95,360.000000,-2)
(96,-94,360.000000,-2)
(96,-93,360.000000,-2)
(96,-92,360.000000,-2)
(96,-91,360.000000,-2)
(96,-90,360.000000,-2)
(96,-89,360.000000,-2)
(96,-88,360.000000,-2)
(96,-87,360.000000,-2)
(96,-86,360.000000,-2)
(96,-85,360.000000,-2)
(96,-84,360.000000,-2)
(96,-83,360.000000,-2)
(96,-82,360.000000,-2)
(96,-81,360.000000,-2)
(96,-80,360.000000,-2)
(96,-79,360.000000,-2)
(96,-78,360.000000,-2)
(96,-77,360.000000,-2)
(96,-76,360.000000,-2)
(96,-75,360.000000,-2)
(96,-74,360.000000,-2)
(96,-73,360.000000,-2)
(96,-72,360.000000,-2)
(96,-71,360.000000,-2)
(96,-70,360.000000,-2)
(96,-69,360.000000,-2)
(96,-68,360.000000,-2)
(96,-67,360.000000,-2)
(96,-66,360.000000,-2)
(96,-65,360.000000,-2)
(96,-64,360.000000,-2)
(96,-63,360.000000,-2)
(96,-62,360.000000,-2)
(96,-61,360.000000,-2)
(96,-60,360.000000,-2)
(96,-59,360.000000,-2)
(96,-58,360.000000,-2)
(96,-57,360.000000,-2)
(96,-56,360.000000,-2)
(96,-55,360.000000,-2)
(96,-54,360.000000,-2)
(96,-53,360.000000,-2)
(96,-52,360.000000,-2)
(96,-51,360.000000,-2)
(96,-50,360.000000,-2)
(96,-49,360.000000,-2)
(96,-48,360.000000,-2)
(96,-47,360.000000,-2)
(96,-46,360.000000,-2)
(96,-45,360.000000,-2)
(96,-44,360.000000,-2)
(96,-43,360.000000,-2)
(96,-42,360.000000,-2)
(96,-41,360.000000,-2)
(96,-40,360.000000,-2)
(95,-40,360.000000,-2)
(95,-39,360.000000,-2)
(95,-38,360.000000,-2)
(95,-37,360.000000,-2)
(94,-37,360.000000,-2)
(94,-36,360.000000,-2)
(94,-35,360.000000,-2)
(93,-34,340.336151,-2)
(93,-33,340.336151,-2)
(93,-32,340.336151,-2)
(92,-31,339.897522,-2)
(92,-30,339.897522,-2)
(92,-29,339.897522,-2)
(91,-28,339.630310,-2)
(91,-27,339.630310,-2)
(90,-26,339.499115,-2)
(90,-25,339.499115,-2)
(90,-24,339.499115,-2)
(89,-24,339.499115,-2)
(89,-23,339.499115,-2)
(89,-22,339.499115,-2)
(89,-21,339.499115,-2)
(88,-21,339.499115,-2)
(88,-20,339.499115,-2)
(88,-19,339.499115,-2)
(87,-18,339.313171,-2)
(87,-17,339.313171,-2)
(87,-16,339.313171,-2)
(86,-15,339.316559,-2)
(86,-14,339.316559,-2)
(86,-13,339.316559,-2)
(85,-13,339.316559,-2)
(85,-12,339.316559,-2)
(85,-11,339.316559,-2)
(85,-10,339.316559,-2)
(84,-10,339.316559,-2)
(84,-9,339.316559,-2)
(84,-8,339.316559,-2)
(83,-7,339.460693,-2)
(83,-6,339.460693,-2)
(83,-5,339.460693,-2)
(82,-4,339.561401,-2)
(82,-3,339.561401,-2)
(81,-2,339.653107,-2)
(81,-1,339.653107,-2)
(81,0,339.653107,-2)
(80,0,339.653107,-2)
(80,1,339.653107,-2)
(80,2,339.653107,-2)
(79,2,339.653107,-2)
(79,3,339.653107,-2)
(79,4,339.653107,-2)
(79,5,339.653107,-2)
(78,5,339.653107,-2)
(78,6,339.653107,-2)
(78,7,339.653107,-2)
(77,8,340.314178,-2)
(77,9,340.314178,-2)
(77,10,340.314178,-2)
(76,11,340.573700,-2)
(76,12,340.573700,-2)
(76,13,340.573700,-2)
(75,13,340.573700,-2)
(75,14,340.573700,-2)
(75,15,340.573700,-2)
(75,16,340.573700,-2)
(74,16,340.573700,-2)
(74,17,340.573700,-2)
(74,18,340.573700,-2)
(74,19,340.573700,-2)
(73,19,340.573700,-2)
(73,20,340.573700,-2)
(73,21,340.573700,-2)
(73,22,340.573700,-2)
(72,22,340.573700,-2)
(72,23,340.573700,-2)
(72,24,340.573700,-2)
(72,25,340.573700,-2)
(71,26,342.702332,-2)
(71,27,342.702332,-2)
(71,28,342.702332,-2)
(71,29,342.702332,-2)
(70,29,342.702332,-2)
(70,30,342.702332,-2)
(70,31,342.702332,-2)
(70,32,342.702332,-2)
(69,32,342.702332,-2)
(69,33,342.702332,-2)
(69,34,342.702332,-2)
(69,35,342.702332,-2)
(69,36,342.702332,-2)
(68,36,342.702332,-2)
(68,37,342.702332,-2)
(68,38,342.702332,-2)
(68,39,342.702332,-2)
(68,40,342.702332,-2)
(68,41,342.702332,-2)
(67,41,342.702332,-2)
(67,42,342.702332,-2)
(67,43,342.702332,-2)
(67,44,342.702332,-2)
(67,45,342.702332,-2)
(67,46,342.702332,-2)
(66,47,349.244843,-2)
(66,48,349.244843,-2)
(66,49,349.244843,-2)
(66,50,349.244843,-2)
(66,51,349.244843,-2)
(66,52,349.244843,-2)
(65,52,349.244843,-2)
(65,53,349.244843,-2)
(65,54,349.244843,-2)
(65,55,349.244843,-2)
(65,56,349.244843,-2)
(65,57,349.244843,-2)
(64,58,350.225769,-2)
(64,59,350.225769,-2)
(64,60,350.225769,-2)
(64,61,350.225769,-2)
(64,62,350.225769,-2)
(64,63,350.225769,-2)
(63,64,350.691681,-2)
(63,65,350.691681,-2)
(63,66,350.691681,-2)
(63,67,350.691681,-2)
(63,68,350.691681,-2)
(63,69,350.691681,-2)
(62,70,351.166931,-2)
(62,71,351.166931,-2)
(62,72,351.166931,-2)
(62,73,351.166931,-2)
(62,74,351.166931,-2)
(62,75,351.166931,-2)
(62,76,351.166931,-2)
(61,77,351.664215,-2)
(61,78,351.664215,-2)
(61,79,351.664215,-2)
(61,80,351.664215,-2)
(61,81,351.664215,-2)
(61,82,351.664215,-2)
(61,83,351.664215,-2)
(60,83,351.664215,-2)
(60,84,351.664215,-2)
(60,85,351.664215,-2)
(60,86,351.664215,-2)
(60,87,351.664215,-2)
(60,88,351.664215,-2)
(60,89,351.664215,-2)
(60,90,351.664215,-2)
(59,91,352.768860,-2)
(59,92,352.768860,-2)
(59,93,352.768860,-2)
(59,94,352.768860,-2)
(59,95,352.768860,-2)
(59,96,352.768860,-2)
(59,97,352.768860,-2)
(59,98,352.768860,-2)
(59,99,352.768860,-2)
(58,100,353.546570,-2)
(58,101,353.546570,-2)
(58,102,353.546570,-2)
(58,103,353.546570,-2)
(58,104,353.546570,-2)
(58,105,353.546570,-2)
(58,106,353.546570,-2)
(58,107,353.546570,-2)
(58,108,353.546570,-2)
(57,109,354.537842,-2)
(57,110,354.537842,-2)
(57,111,354.537842,-2)
(57,112,354.537842,-2)
(57,113,354.537842,-2)
(57,114,354.537842,-2)
(57,115,354.537842,-2)
(57,116,354.537842,-2)
(57,117,354.537842,-2)
(57,118,354.537842,-2)
(57,119,354.537842,-2)
(57,120,354.537842,-2)
(57,121,354.537842,-2)
(57,122,354.537842,-2)
(57,123,354.537842,-2)
(57,124,354.537842,-2)
(56,124,354.537842,-2)
(56,125,354.537842,-2)
(56,126,354.537842,-2)
(56,127,354.537842,-2)
(56,128,354.537842,-2)
(56,129,354.537842,-2)
(56,130,354.537842,-2)
(56,131,354.537842,-2)
(56,132,354.537842,-2)
(56,133,354.537842,-2)
(56,134,354.537842,-2)
(56,135,354.537842,-2)
(56,136,354.537842,-2)
(56,137,354.537842,-2)
(56,138,354.537842,-2)
(56,139,354.537842,-2)
(56,140,354.537842,-2)
(56,141,354.537842,-2)
(56,142,354.537842,-2)
(56,143,354.537842,-2)
(55,144,357.259949,-2)
(55,145,357.259949,-2)
(55,146,357.259949,-2)
(55,147,357.259949,-2)
(55,148,357.259949,-2)
(55,149,357.259949,-2)
(55,150,357.259949,-2)
(55,151,357.259949,-2)
(55,152,357.259949,-2)
(55,153,357.259949,-2)
(55,154,357.259949,-2)
(55,155,357.259949,-2)
(55,156,357.259949,-2)
(55,157,357.259949,-2)
(55,158,357.259949,-2)
(55,159,357.259949,-2)
(55,160,357.259949,-2)
(55,161,357.259949,-2)
(55,162,357.259949,-2)
(55,163,357.259949,-2)
(55,164,357.259949,-2)
(55,165,357.259949,-2)
(55,166,357.259949,-2)
(55,167,357.259949,-2)
(55,168,357.259949,-2)
(55,169,357.259949,-2)
(55,170,357.259949,-2)
(55,171,357.259949,-2)
(55,172,357.259949,-2)
(55,173,357.259949,-2)
(55,174,357.259949,-2)
(55,175,357.259949,-2)
(55,176,357.259949,-2)
(55,177,357.259949,-2)
(55,178,357.259949,-2)
(55,179,357.259949,-2)
(55,180,357.259949,-2)
(55,181,357.259949,-2)
(55,182,357.259949,-2)
(55,183,357.259949,-2)
(55,184,357.259949,-2)
(55,185,357.259949,-2)
(55,186,357.259949,-2)
(55,187,357.259949,-2)
(55,188,357.259949,-2)
(55,189,357.259949,-2)
(55,190,357.259949,-2)
(55,191,357.259949,-2)
(55,192,357.259949,-2)
(56,193,5.243011,-2)
(56,194,5.243011,-2)
(56,195,5.243011,-2)
(56,196,5.243011,-2)
(56,197,5.243011,-2)
(56,198,5.243011,-2)
(56,199,5.243011,-2)
(56,200,5.243011,-2)
(56,201,5.243011,-2)
(57,201,5.243011,-2)
(57,202,5.243011,-2)
(57,203,5.243011,-2)
(57,204,5.243011,-2)
(57,205,5.243011,-2)
(57,206,5.243011,-2)
(57,207,5.243011,-2)
(58,207,5.243011,-2)
(58,208,5.243011,-2)
(58,209,5.243011,-2)
(58,210,5.243011,-2)
(58,211,5.243011,-2)
(58,212,5.243011,-2)
(59,212,5.243011,-2)
(59,213,5.243011,-2)
(59,214,5.243011,-2)
(59,215,5.243011,-2)
(59,216,5.243011,-2)
(59,217,5.243011,-2)
(60,218,12.347176,-2)
(60,219,12.347176,-2)
(60,220,12.347176,-2)
(60,221,12.347176,-2)
(61,221,12.347176,-2)
(61,222,12.347176,-2)
(61,223,12.347176,-2)
(61,224,12.347176,-2)
(61,225,12.347176,-2)
(62,226,13.989243,-2)
(62,227,13.989243,-2)
(62,228,13.989243,-2)
(62,229,13.989243,-2)
(63,230,14.759445,-2)
(63,231,14.759445,-2)
(63,232,14.759445,-2)
(63,233,14.759445,-2)
(64,234,15.538574,-2)
(64,235,15.538574,-2)
(64,236,15.538574,-2)
(64,237,15.538574,-2)
(65,237,15.538574,-2)
(65,238,15.538574,-2)
(65,239,15.538574,-2)
(65,240,15.538574,-2)
(66,240,15.538574,-2)
(66,241,15.538574,-2)
(66,242,15.538574,-2)
(66,243,15.538574,-2)
(67,244,17.690704,-2)
(67,245,17.690704,-2)
(67,246,17.690704,-2)
(68,247,18.415985,-2)
(68,248,18.415985,-2)
(68,249,18.415985,-2)
(69,250,19.185303,-2)
(69,251,19.185303,-2)
(69,252,19.185303,-2)
(70,252,19.185303,-2)
(70,253,19.185303,-2)
(70,254,19.185303,-2)
(70,255,19.185303,-2)
(71,255,19.185303,-2)
(71,256,19.185303,-2)
(71,257,19.185303,-2)
(72,258,21.498383,-2)
(72,259,21.498383,-2)
(72,260,21.498383,-2)
(73,261,22.535011,-2)
(73,262,22.535011,-2)
(74,262,22.535011,-2)
(74,263,22.535011,-2)
(74,264,22.535011,-2)
(74,265,22.535011,-2)
(75,265,22.535011,-2)
(75,266,22.535011,-2)
(75,267,22.535011,-2)
(76,267,22.535011,-2)
(76,268,22.535011,-2)
(77,269,26.303078,-2)
(77,270,26.303078,-2)
(77,271,26.303078,-2)
(78,271,26.303078,-2)
(78,272,26.303078,-2)
(79,273,28.757595,-2)
(79,274,28.757595,-2)
(80,275,30.092133,-2)
(80,276,30.092133,-2)
(81,276,30.092133,-2)
(81,277,30.092133,-2)
(81,278,30.092133,-2)
(82,278,30.092133,-2)
(82,279,30.092133,-2)
(83,280,35.951336,-2)
(84,281,36.485840,-2)
(84,282,36.485840,-2)
(85,282,36.485840,-2)
(85,283,36.485840,-2)
(86,283,36.485840,-2)
(86,284,36.485840,-2)
(87,285,38.552792,-2)
(87,286,38.552792,-2)
(88,286,38.552792,-2)
(88,287,38.552792,-2)
(89,288,39.810360,-2)
(90,288,39.810360,-2)
(90,289,39.810360,-2)
(91,289,39.810360,-2)
(91,290,39.810360,-2)
(92,291,41.096684,-2)
(93,292,41.586983,-2)
(93,293,41.586983,-2)
(94,293,41.586983,-2)
(95,294,42.420197,-2)
(95,295,42.420197,-2)
(96,295,42.420197,-2)
(96,296,42.420197,-2)
(97,296,42.420197,-2)
(98,297,43.684063,-2)
(98,298,43.684063,-2)
(99,298,43.684063,-2)
(99,299,43.684063,-2)
(100,299,43.684063,-2)
(100,300,43.684063,-2)
(101,300,43.684063,-2)
(101,301,43.684063,-2)
(102,302,45.475163,-2)
(103,302,45.475163,-2)
(103,303,45.475163,-2)
(104,303,45.475163,-2)
(104,304,45.475163,-2)
(105,304,45.475163,-2)
(106,305,46.821892,-2)
(106,306,46.821892,-2)
(107,306,46.821892,-2)
(108,307,47.622059,-2)
(108,308,47.622059,-2)
(109,308,47.622059,-2)
(110,309,48.440258,-2)
(111,310,48.798050,-2)
(112,311,49.282902,-2)
(113,311,49.282902,-2)
(113,312,49.282902,-2)
(114,312,49.282902,-2)
(115,313,50.412987,-2)
(115,314,50.412987,-2)
(116,314,50.412987,-2)
(117,315,51.337894,-2)
(118,315,51.337894,-2)
(118,316,51.337894,-2)
(119,316,51.337894,-2)
(120,317,52.601688,-2)
(120,318,52.601688,-2)
(121,318,52.601688,-2)
(122,319,53.655994,-2)
(123,319,53.655994,-2)
(123,320,53.655994,-2)
(124,320,53.655994,-2)
(125,321,55.125755,-2)
(126,321,55.125755,-2)
(126,322,55.125755,-2)
(127,322,55.125755,-2)
(128,323,56.756271,-2)
(129,323,56.756271,-2)
(129,324,56.756271,-2)
(130,324,56.756271,-2)
(131,325,58.592392,-2)
(132,325,58.592392,-2)
(132,326,58.592392,-2)
(133,326,58.592392,-2)
(134,326,58.592392,-2)
(135,327,61.206238,-2)
(136,327,61.206238,-2)
(136,328,61.206238,-2)
(137,328,61.206238,-2)
(138,328,61.206238,-2)
(138,329,61.206238,-2)
(139,329,61.206238,-2)
(140,330,65.718681,-2)
(141,330,65.718681,-2)
(142,330,65.718681,-2)
(142,331,65.718681,-2)
(143,331,65.718681,-2)
(144,331,65.718681,-2)
(145,331,65.718681,-2)
(145,332,65.718681,-2)
(146,332,65.718681,-2)
(147,332,65.718681,-2)
(148,332,65.718681,-2)
(149,333,73.851189,-2)
(150,333,73.851189,-2)
(151,333,73.851189,-2)
(152,333,73.851189,-2)
(152,334,73.851189,-2)
(153,334,73.851189,-2)
(154,334,73.851189,-2)
(155,334,73.851189,-2)
(156,334,73.851189,-2)
(156,335,73.851189,-2)
(157,335,73.851189,-2)
(158,335,73.851189,-2)
(159,335,73.851189,-2)
(160,335,73.851189,-2)
(161,335,73.851189,-2)
(162,336,81.180595,-2)
(163,336,81.180595,-2)
(164,336,81.180595,-2)
(165,336,81.180595,-2)
(166,336,81.180595,-2)
(167,336,81.180595,-2)
(168,336,81.180595,-2)
(169,336,81.180595,-2)
(169,337,81.180595,-2)
(170,337,81.180595,-2)
(171,337,81.180595,-2)
(172,337,81.180595,-2)
(173,337,81.180595,-2)
(174,337,81.180595,-2)
(175,337,81.180595,-2)
(176,337,81.180595,-2)
(177,337,81.180595,-2)
(178,337,81.180595,-2)
(179,337,81.180595,-2)
(180,337,81.180595,-2)
(181,337,81.180595,-2)
(182,337,81.180595,-2)
(183,338,87.059792,-2)
(184,338,87.059792,-2)
(185,338,87.059792,-2)
(186,338,87.059792,-2)
(187,338,87.059792,-2)
(188,338,87.059792,-2)
(189,338,87.059792,-2)
(190,338,87.059792,-2)
(191,338,87.059792,-2)
(192,338,87.059792,-2)
(193,338,87.059792,-2)
(194,338,87.059792,-2)
(195,338,87.059792,-2)
(196,338,87.059792,-2)
(197,338,87.059792,-2)
(198,338,87.059792,-2)
(199,338,87.059792,-2)
(200,338,87.059792,-2)
(201,338,87.059792,-2)
(202,338,87.059792,-2)
(203,338,87.059792,-2)
(204,338,87.059792,-2)
(205,338,87.059792,-2)
(206,338,87.059792,-2)
(207,338,87.059792,-2)
(208,338,87.059792,-2)
(209,338,87.059792,-2)
(210,338,87.059792,-2)
(211,338,87.059792,-2)
(212,338,87.059792,-2)
(213,338,87.059792,-2)
(214,338,87.059792,-2)
(215,338,87.059792,-2)
(216,338,87.059792,-2)
(217,338,87.059792,-2)
(218,338,87.059792,-2)
(219,338,87.059792,-2)
(220,338,87.059792,-2)
(221,338,87.059792,-2)
(222,338,87.059792,-2)
(223,338,87.059792,-2)
(224,338,87.059792,-2)
(225,338,87.059792,-2)
(226,338,87.059792,-2)
(227,338,87.059792,-2)
(228,338,87.059792,-2)
(229,338,87.059792,-2)
(230,338,87.059792,-2)
(231,338,87.059792,-2)
(232,338,87.059792,-2)
(233,338,87.059792,-2)
(234,338,87.059792,-2)
(235,338,87.059792,-2)
(236,338,87.059792,-2)
(237,338,87.059792,-2)
(238,338,87.059792,-2)
(239,338,87.059792,-2)
(240,338,87.059792,-2)
(241,338,87.059792,-2)
(242,338,87.059792,-2)
(243,338,87.059792,-2)
(244,338,87.059792,-2)
(245,338,87.059792,-2)
(246,338,87.059792,-2)
(247,338,87.059792,-2)
(248,338,87.059792,-2)
(249,338,87.059792,-2)
(250,338,87.059792,-2)
(251,338,87.059792,-2)
(252,338,87.059792,-2)
(253,338,87.059792,-2)
(254,338,87.059792,-2)
(255,338,87.059792,-2)
(256,338,87.059792,-2)
(257,338,87.059792,-2)
(258,338,87.059792,-2)
(259,338,87.059792,-2)
(260,338,87.059792,-2)
(261,338,87.059792,-2)
(262,338,87.059792,-2)
(263,338,87.059792,-2)
(264,338,87.059792,-2)
(265,338,87.059792,-2)
(266,338,87.059792,-2)
(267,338,87.059792,-2)
(268,338,87.059792,-2)
(269,338,87.059792,-2)
(270,338,87.059792,-2)
(271,338,87.059792,-2)
(272,338,87.059792,-2)
(273,338,87.059792,-2)
(274,338,87.059792,-2)
(275,338,87.059792,-2)
(276,338,87.059792,-2)
(277,338,87.059792,-2)
(278,338,87.059792,-2)
(279,338,87.059792,-2)
(280,338,87.059792,-2)
(281,338,87.059792,-2)
(282,338,87.059792,-2)
(283,338,87.059792,-2)
(284,338,87.059792,-2)
(285,338,87.059792,-2)
(286,338,87.059792,-2)
(287,338,87.059792,-2)
(288,338,87.059792,-2)
(289,337,92.068481,-2)
(290,337,92.068481,-2)
(291,337,92.068481,-2)
(292,337,92.068481,-2)
(293,337,92.068481,-2)
(294,337,92.068481,-2)
(295,337,92.068481,-2)
(296,337,92.068481,-2)
(297,337,92.068481,-2)
(298,337,92.068481,-2)
(299,337,92.068481,-2)
(300,337,92.068481,-2)
(301,337,92.068481,-2)
(302,337,92.068481,-2)
(303,337,92.068481,-2)
(304,337,92.068481,-2)
(305,337,92.068481,-2)
(306,337,92.068481,-2)
(307,337,92.068481,-2)
(308,337,92.068481,-2)
(309,337,92.068481,-2)
(310,337,92.068481,-2)
(311,337,92.068481,-2)
(311,336,92.068481,-2)
(312,336,92.068481,-2)
(313,336,92.068481,-2)
(314,336,92.068481,-2)
(315,336,92.068481,-2)
(316,336,92.068481,-2)
(317,336,92.068481,-2)
(318,336,92.068481,-2)
(319,336,92.068481,-2)
(320,336,92.068481,-2)
(321,336,92.068481,-2)
(322,336,92.068481,-2)
(323,336,92.068481,-2)
(324,336,92.068481,-2)
(325,336,92.068481,-2)
(326,336,92.068481,-2)
(327,335,94.271568,-2)
(328,335,94.271568,-2)
(329,335,94.271568,-2)
(330,335,94.271568,-2)
(331,335,94.271568,-2)
(332,335,94.271568,-2)
(333,335,94.271568,-2)
(334,335,94.271568,-2)
(335,335,94.271568,-2)
(336,335,94.271568,-2)
(337,335,94.271568,-2)
(338,335,94.271568,-2)
(339,335,94.271568,-2)
(339,334,94.271568,-2)
(340,334,94.271568,-2)
(341,334,94.271568,-2)
(342,334,94.271568,-2)
(343,334,94.271568,-2)
(344,334,94.271568,-2)
(345,334,94.271568,-2)
(346,334,94.271568,-2)
(347,334,94.271568,-2)
(348,334,94.271568,-2)
(349,334,94.271568,-2)
(350,333,95.392708,-2)
(351,333,95.392708,-2)
(352,333,95.392708,-2)
(353,333,95.392708,-2)
(354,333,95.392708,-2)
(355,333,95.392708,-2)
(356,333,95.392708,-2)
(357,333,95.392708,-2)
(358,333,95.392708,-2)
(359,333,95.392708,-2)
(360,333,95.392708,-2)
(361,332,95.894051,-2)
(362,332,95.894051,-2)
(363,332,95.894051,-2)
(364,332,95.894051,-2)
(365,332,95.894051,-2)
(366,332,95.894051,-2)
(367,332,95.894051,-2)
(368,332,95.894051,-2)
(369,332,95.894051,-2)
(370,331,96.358170,-2)
(371,331,96.358170,-2)
(372,331,96.358170,-2)
(373,331,96.358170,-2)
(374,331,96.358170,-2)
(375,331,96.358170,-2)
(376,331,96.358170,-2)
(377,331,96.358170,-2)
(378,331,96.358170,-2)
(378,330,96.358170,-2)
(379,330,96.358170,-2)
(380,330,96.358170,-2)
(381,330,96.358170,-2)
(382,330,96.358170,-2)
(383,330,96.358170,-2)
(384,330,96.358170,-2)
(385,330,96.358170,-2)
(386,330,96.358170,-2)
(387,330,96.358170,-2)
(388,330,96.358170,-2)
(388,329,96.358170,-2)
(389,329,96.358170,-2)
(390,329,96.358170,-2)
(391,329,96.358170,-2)
(392,329,96.358170,-2)
(393,329,96.358170,-2)
(394,329,96.358170,-2)
(395,329,96.358170,-2)
(396,329,96.358170,-2)
(397,329,96.358170,-2)
(398,329,96.358170,-2)
(399,329,96.358170,-2)
(400,329,96.358170,-2)
(401,328,94.801956,-2)
(402,328,94.801956,-2)
(403,328,94.801956,-2)
(404,328,94.801956,-2)
(405,328,94.801956,-2)
(406,328,94.801956,-2)
(407,328,94.801956,-2)
(408,328,94.801956,-2)
(409,328,94.801956,-2)
(410,328,94.801956,-2)
(411,328,94.801956,-2)
(412,328,94.801956,-2)
(412,327,94.801956,-2)
(413,327,94.801956,-2)
(414,327,94.801956,-2)
(415,327,94.801956,-2)
(416,327,94.801956,-2)
(417,327,94.801956,-2)
(418,327,94.801956,-2)
(419,327,94.801956,-2)
(420,327,94.801956,-2)
(421,327,94.801956,-2)
(421,326,94.801956,-2)
(422,326,94.801956,-2)
(423,326,94.801956,-2)
(424,326,94.801956,-2)
(425,326,94.801956,-2)
(426,326,94.801956,-2)
(427,326,94.801956,-2)
(428,326,94.801956,-2)
(429,326,94.801956,-2)
(429,325,94.801956,-2)
(430,325,94.801956,-2)
(431,325,94.801956,-2)
(432,325,94.801956,-2)
(433,325,94.801956,-2)
(434,325,94.801956,-2)
(435,325,94.801956,-2)
(436,325,94.801956,-2)
(437,324,99.239426,-2)
(438,324,99.239426,-2)
(439,324,99.239426,-2)
(440,324,99.239426,-2)
(441,324,99.239426,-2)
(442,323,100.486420,-2)
(443,323,100.486420,-2)
(444,323,100.486420,-2)
(445,323,100.486420,-2)
(446,323,100.486420,-2)
(447,322,101.995590,-2)
(448,322,101.995590,-2)
(449,322,101.995590,-2)
(450,322,101.995590,-2)
(451,322,101.995590,-2)
(451,321,101.995590,-2)
(452,321,101.995590,-2)
(453,321,101.995590,-2)
(454,321,101.995590,-2)
(455,321,101.995590,-2)
(455,320,101.995590,-2)
(456,320,101.995590,-2)
(457,320,101.995590,-2)
(458,320,101.995590,-2)
(459,319,107.231552,-2)
(460,319,107.231552,-2)
(461,319,107.231552,-2)
(462,318,109.166649,-2)
(463,318,109.166649,-2)
(464,318,109.166649,-2)
(465,317,110.420288,-2)
(466,317,110.420288,-2)
(467,317,110.420288,-2)
(468,316,111.235077,-2)
(469,316,111.235077,-2)
(470,315,111.809120,-2)
(471,315,111.809120,-2)
(472,315,111.809120,-2)
(472,314,111.809120,-2)
(473,314,111.809120,-2)
(474,314,111.809120,-2)
(475,313,112.991386,-2)
(476,313,112.991386,-2)
(477,312,113.522018,-2)
(478,312,113.522018,-2)
(479,312,113.522018,-2)
(479,311,113.522018,-2)
(480,311,113.522018,-2)
(481,311,113.522018,-2)
(482,310,114.670265,-2)
(483,310,114.670265,-2)
(483,309,114.670265,-2)
(484,309,114.670265,-2)
(485,309,114.670265,-2)
(486,308,115.661926,-2)
(487,308,115.661926,-2)
(488,307,116.218628,-2)
(489,307,116.218628,-2)
(490,307,116.218628,-2)
(490,306,116.218628,-2)
(491,306,116.218628,-2)
(492,305,117.281166,-2)
(493,305,117.281166,-2)
(493,304,117.281166,-2)
(494,304,117.281166,-2)
(495,304,117.281166,-2)
(496,303,118.416718,-2)
(497,303,118.416718,-2)
(497,302,118.416718,-2)
(498,302,118.416718,-2)
(499,302,118.416718,-2)
(499,301,118.416718,-2)
(500,301,118.416718,-2)
(501,300,120.127090,-2)
(502,300,120.127090,-2)
(503,299,120.749916,-2)
(504,299,120.749916,-2)
(504,298,120.749916,-2)
(505,298,120.749916,-2)
(506,298,120.749916,-2)
(506,297,120.749916,-2)
(507,297,120.749916,-2)
(508,296,122.826981,-2)
(509,296,122.826981,-2)
(509,295,122.826981,-2)
(510,295,122.826981,-2)
(511,294,124.261551,-2)
(512,294,124.261551,-2)
(512,293,124.261551,-2)
(513,293,124.261551,-2)
(514,292,125.880867,-2)
(515,291,126.469643,-2)
(516,291,126.469643,-2)
(516,290,126.469643,-2)
(517,290,126.469643,-2)
(518,289,128.413437,-2)
(518,288,128.413437,-2)
(519,288,128.413437,-2)
(520,287,130.146072,-2)
(521,287,130.146072,-2)
(521,286,130.146072,-2)
(522,286,130.146072,-2)
(522,285,130.146072,-2)
(523,285,130.146072,-2)
(524,284,134.051880,-2)
(524,283,134.051880,-2)
(525,283,134.051880,-2)
(525,282,134.051880,-2)
(526,282,134.051880,-2)
(526,281,134.051880,-2)
(527,280,138.788086,-2)
(528,280,138.788086,-2)
(528,279,138.788086,-2)
(529,278,142.274338,-2)
(529,277,142.274338,-2)
(530,277,142.274338,-2)
(530,276,142.274338,-2)
(531,275,147.856476,-2)
(531,274,147.856476,-2)
(532,274,147.856476,-2)
(532,273,147.856476,-2)
(532,272,147.856476,-2)
(533,271,158.498611,-2)
(533,270,158.498611,-2)
(534,269,163.067413,-2)
(534,268,163.067413,-2)
(534,267,163.067413,-2)
(534,266,163.067413,-2)
(535,265,168.897339,-2)
(535,264,168.897339,-2)
(535,263,168.897339,-2)
(535,262,168.897339,-2)
(535,261,168.897339,-2)
(535,260,168.897339,-2)
(535,259,168.897339,-2)
(535,258,168.897339,-2)
(536,257,176.138306,-2)
(536,256,176.138306,-2)
(536,255,176.138306,-2)
(536,254,176.138306,-2)
(536,253,176.138306,-2)
(536,252,176.138306,-2)
(536,251,176.138306,-2)
(536,250,176.138306,-2)
(536,249,176.138306,-2)
(536,248,176.138306,-2)
(536,247,176.138306,-2)
(536,246,176.138306,-2)
(536,245,176.138306,-2)
(536,244,176.138306,-2)
(536,243,176.138306,-2)
(536,242,176.138306,-2)
(536,241,176.138306,-2)
(536,240,176.138306,-2)
(536,239,176.138306,-2)
(535,238,182.171463,-2)
(535,237,182.171463,-2)
(535,236,182.171463,-2)
(535,235,182.171463,-2)
(535,234,182.171463,-2)
(535,233,182.171463,-2)
(535,232,182.171463,-2)
(535,231,182.171463,-2)
(535,230,182.171463,-2)
(535,229,182.171463,-2)
(535,228,182.171463,-2)
(535,227,182.171463,-2)
(535,226,182.171463,-2)
(535,225,182.171463,-2)
(535,224,182.171463,-2)
(535,223,182.171463,-2)
(535,222,182.171463,-2)
(535,221,182.171463,-2)
(535,220,182.171463,-2)
(535,219,182.171463,-2)
(535,218,182.171463,-2)
(535,217,182.171463,-2)
(535,216,182.171463,-2)
(535,215,182.171463,-2)
(535,214,182.171463,-2)
(535,213,182.171463,-2)
(535,212,182.171463,-2)
(535,211,182.171463,-2)
(535,210,182.171463,-2)
(535,209,182.171463,-2)
(535,208,182.171463,-2)
(536,208,182.171463,-2)
(536,207,182.171463,-2)
(536,206,182.171463,-2)
(536,205,182.171463,-2)
(536,204,182.171463,-2)
(536,203,182.171463,-2)
(536,202,182.171463,-2)
(537,201,165.866425,-2)
(537,200,165.866425,-2)
(537,199,165.866425,-2)
(538,198,160.412659,-2)
(538,197,160.412659,-2)
(538,196,160.412659,-2)
(539,196,160.412659,-2)
(539,195,160.412659,-2)
(539,194,160.412659,-2)
(540,194,160.412659,-2)
(540,193,160.412659,-2)
(541,192,144.181580,-2)
(542,191,142.793579,-2)
(542,190,142.793579,-2)
(543,190,142.793579,-2)
(543,189,142.793579,-2)
(544,189,142.793579,-2)
(544,188,142.793579,-2)
(545,187,137.914413,-2)
(546,186,136.988159,-2)
(547,185,135.842438,-2)
(548,184,135.041504,-2)
(549,183,134.042282,-2)
(550,182,133.338730,-2)
(551,182,133.338730,-2)
(551,181,133.338730,-2)
(552,181,133.338730,-2)
(552,180,133.338730,-2)
(553,180,133.338730,-2)
(554,179,130.653595,-2)
(554,178,130.653595,-2)
(555,178,130.653595,-2)
(555,177,130.653595,-2)
(556,177,130.653595,-2)
(557,176,128.894501,-2)
(558,176,128.894501,-2)
(558,175,128.894501,-2)
(559,175,128.894501,-2)
(559,174,128.894501,-2)
(560,174,128.894501,-2)
(561,173,126.884354,-2)
(562,172,126.454437,-2)
(563,172,126.454437,-2)
(563,171,126.454437,-2)
(564,171,126.454437,-2)
(565,170,125.223755,-2)
(566,170,125.223755,-2)
(566,169,125.223755,-2)
(567,169,125.223755,-2)
(568,168,124.063576,-2)
(569,168,124.063576,-2)
(569,167,124.063576,-2)
(570,167,124.063576,-2)
(571,166,122.953438,-2)
(572,166,122.953438,-2)
(572,165,122.953438,-2)
(573,165,122.953438,-2)
(574,164,121.875473,-2)
(575,164,121.875473,-2)
(575,163,121.875473,-2)
(576,163,121.875473,-2)
(577,162,120.812897,-2)
(578,162,120.812897,-2)
(578,161,120.812897,-2)
(579,161,120.812897,-2)
(580,161,120.812897,-2)
(581,160,119.510452,-2)
(582,160,119.510452,-2)
(582,159,119.510452,-2)
(583,159,119.510452,-2)
(584,159,119.510452,-2)
(584,158,119.510452,-2)
(585,158,119.510452,-2)
(586,157,117.669281,-2)
(587,157,117.669281,-2)
(588,156,117.023132,-2)
(589,156,117.023132,-2)
(590,155,116.215240,-2)
(591,155,116.215240,-2)
(592,155,116.215240,-2)
(592,154,116.215240,-2)
(593,154,116.215240,-2)
(594,153,114.606766,-2)
(595,153,114.606766,-2)
(596,153,114.606766,-2)
(596,152,114.606766,-2)
(597,152,114.606766,-2)
(598,152,114.606766,-2)
(599,151,112.376236,-2)
(600,151,112.376236,-2)
(601,151,112.376236,-2)
(602,150,110.719711,-2)
(603,150,110.719711,-2)
(604,149,109.259544,-2)
(605,149,109.259544,-2)
(606,149,109.259544,-2)
(607,149,109.259544,-2)
(607,148,109.259544,-2)
(608,148,109.259544,-2)
(609,148,109.259544,-2)
(610,148,109.259544,-2)
(611,148,109.259544,-2)
(612,148,109.259544,-2)
(612,147,109.259544,-2)
(613,147,109.259544,-2)
(614,147,109.259544,-2)
(615,147,109.259544,-2)
(616,147,109.259544,-2)
(617,147,109.259544,-2)
(618,147,109.259544,-2)
(619,146,96.370667,-2)
(620,146,96.370667,-2)
(621,146,96.370667,-2)
(622,146,96.370667,-2)
(623,146,96.370667,-2)
(624,146,96.370667,-2)
(625,146,96.370667,-2)
(626,146,96.370667,-2)
(627,146,96.370667,-2)
(628,146,96.370667,-2)
(629,146,96.370667,-2)
(630,146,96.370667,-2)
(631,146,96.370667,-2)
(632,146,96.370667,-2)
(633,146,96.370667,-2)
(634,146,96.370667,-2)
(635,146,96.370667,-2)
(636,146,96.370667,-2)
(637,146,96.370667,-2)
(638,146,96.370667,-2)
(639,146,96.370667,-2)
(640,146,96.370667,-2)
(641,146,96.370667,-2)
(642,146,96.370667,-2)
(643,146,96.370667,-2)
(644,146,96.370667,-2)
(645,146,96.370667,-2)
(646,146,96.370667,-2)
(647,146,96.370667,-2)
(648,146,96.370667,-2)
(649,146,96.370667,-2)
(650,146,96.370667,-2)
(651,146,96.370667,-2)
(652,146,96.370667,-2)
(653,146,96.370667,-2)
(654,146,96.370667,-2)
(655,146,96.370667,-2)
(656,146,96.370667,-2)
(657,146,96.370667,-2)
(658,146,96.370667,-2)
(659,146,96.370667,-2)
(660,146,96.370667,-2)
(661,146,96.370667,-2)
(662,147,85.551247,-2)
(663,147,85.551247,-2)
(664,147,85.551247,-2)
(665,147,85.551247,-2)
(666,147,85.551247,-2)
(667,147,85.551247,-2)
(668,147,85.551247,-2)
(669,147,85.551247,-2)
(670,147,85.551247,-2)
(671,147,85.551247,-2)
(672,147,85.551247,-2)
(673,148,84.023705,-2)
(674,148,84.023705,-2)
(675,148,84.023705,-2)
(676,148,84.023705,-2)
(677,148,84.023705,-2)
(678,148,84.023705,-2)
(679,148,84.023705,-2)
(680,148,84.023705,-2)
(681,148,84.023705,-2)
(681,149,84.023705,-2)
(682,149,84.023705,-2)
(683,149,84.023705,-2)
(684,149,84.023705,-2)
(685,149,84.023705,-2)
(686,149,84.023705,-2)
(687,149,84.023705,-2)
(688,149,84.023705,-2)
(689,150,81.239243,-2)
(690,150,81.239243,-2)
(691,150,81.239243,-2)
(692,150,81.239243,-2)
(693,150,81.239243,-2)
(694,150,81.239243,-2)
(695,151,79.422180,-2)
(696,151,79.422180,-2)
(697,151,79.422180,-2)
(698,151,79.422180,-2)
(699,151,79.422180,-2)
(700,152,78.115829,-2)
(701,152,78.115829,-2)
(702,152,78.115829,-2)
(703,152,78.115829,-2)
(704,152,78.115829,-2)
(704,153,78.115829,-2)
(705,153,78.115829,-2)
(706,153,78.115829,-2)
(707,153,78.115829,-2)
(708,153,78.115829,-2)
(709,154,76.172462,-2)
(710,154,76.172462,-2)
(711,154,76.172462,-2)
(712,154,76.172462,-2)
(713,155,75.420349,-2)
(714,155,75.420349,-2)
(715,155,75.420349,-2)
(716,155,75.420349,-2)
(716,156,75.420349,-2)
(717,156,75.420349,-2)
(718,156,75.420349,-2)
(719,156,75.420349,-2)
(720,157,74.078186,-2)
(721,157,74.078186,-2)
(722,157,74.078186,-2)
(723,157,74.078186,-2)
(723,158,74.078186,-2)
(724,158,74.078186,-2)
(725,158,74.078186,-2)
(726,158,74.078186,-2)
(726,159,74.078186,-2)
(727,159,74.078186,-2)
(728,159,74.078186,-2)
(729,159,74.078186,-2)
(730,160,72.313660,-2)
(731,160,72.313660,-2)
(732,160,72.313660,-2)
(733,160,72.313660,-2)
(733,161,72.313660,-2)
(734,161,72.313660,-2)
(735,161,72.313660,-2)
(736,161,72.313660,-2)
(736,162,72.313660,-2)
(737,162,72.313660,-2)
(738,162,72.313660,-2)
(739,163,70.700874,-2)
(740,163,70.700874,-2)
(741,163,70.700874,-2)
(742,164,70.103714,-2)
(743,164,70.103714,-2)
(744,164,70.103714,-2)
(745,165,69.476898,-2)
(746,165,69.476898,-2)
(747,166,68.982086,-2)
(748,166,68.982086,-2)
(749,166,68.982086,-2)
(749,167,68.982086,-2)
(750,167,68.982086,-2)
(751,167,68.982086,-2)
(752,167,68.982086,-2)
(752,168,68.982086,-2)
(753,168,68.982086,-2)
(754,168,68.982086,-2)
(755,169,67.008041,-2)
(756,169,67.008041,-2)
(757,170,66.460472,-2)
(758,170,66.460472,-2)
(759,170,66.460472,-2)
(759,171,66.460472,-2)
(760,171,66.460472,-2)
(761,171,66.460472,-2)
(762,172,64.681374,-2)
(763,172,64.681374,-2)
(763,173,64.681374,-2)
(764,173,64.681374,-2)
(765,174,61.743664,-2)
(766,174,61.743664,-2)
(767,174,61.743664,-2)
(767,175,61.743664,-2)
(768,175,61.743664,-2)
(769,176,60.934204,-2)
(770,176,60.934204,-2)
(770,177,60.934204,-2)
(771,177,60.934204,-2)
(772,177,60.934204,-2)
(773,178,60.133846,-2)
(774,178,60.133846,-2)
(774,179,60.133846,-2)
(775,179,60.133846,-2)
(776,180,59.471661,-2)
(777,180,59.471661,-2)
(777,181,59.471661,-2)
(778,181,59.471661,-2)
(779,181,59.471661,-2)
(779,182,59.471661,-2)
(780,182,59.471661,-2)
(781,183,58.327381,-2)
(782,183,58.327381,-2)
(783,184,57.929161,-2)
(784,184,57.929161,-2)
(784,185,57.929161,-2)
(785,185,57.929161,-2)
(786,186,57.185261,-2)
(787,186,57.185261,-2)
(787,187,57.185261,-2)
(788,187,57.185261,-2)
(789,188,56.398273,-2)
(790,188,56.398273,-2)
(790,189,56.398273,-2)
(791,189,56.398273,-2)
(792,190,55.559036,-2)
(793,190,55.559036,-2)
(793,191,55.559036,-2)
(794,191,55.559036,-2)
(795,192,54.656849,-2)
(796,193,54.232338,-2)
(797,193,54.232338,-2)
(797,194,54.232338,-2)
(798,194,54.232338,-2)
(799,195,53.215897,-2)
(800,196,52.856094,-2)
(801,196,52.856094,-2)
(801,197,52.856094,-2)
(802,197,52.856094,-2)
(803,198,51.703251,-2)
(803,199,51.703251,-2)
(804,199,51.703251,-2)
(805,200,50.719460,-2)
(806,200,50.719460,-2)
(806,201,50.719460,-2)
(807,201,50.719460,-2)
(808,202,49.319633,-2)
(808,203,49.319633,-2)
(809,203,49.319633,-2)
(810,204,48.105469,-2)
(811,205,47.353607,-2)
(812,206,46.758633,-2)
(813,206,46.758633,-2)
(813,207,46.758633,-2)
(814,208,45.253151,-2)
(815,208,45.253151,-2)
(815,209,45.253151,-2)
(816,210,43.555561,-2)
(817,211,42.483349,-2)
(818,212,41.623188,-2)
(819,213,40.393013,-2)
(819,214,40.393013,-2)
(820,214,40.393013,-2)
(820,215,40.393013,-2)
(821,216,37.211143,-2)
(822,217,35.998688,-2)
(822,218,35.998688,-2)
(823,218,35.998688,-2)
(823,219,35.998688,-2)
(824,220,31.784302,-2)
(824,221,31.784302,-2)
(825,221,31.784302,-2)
(825,222,31.784302,-2)
(825,223,31.784302,-2)
(826,223,31.784302,-2)
(826,224,31.784302,-2)
(826,225,31.784302,-2)
(827,226,24.595566,-2)
(827,227,24.595566,-2)
(828,227,24.595566,-2)
(828,228,24.595566,-2)
(828,229,24.595566,-2)
(828,230,24.595566,-2)
(829,230,24.595566,-2)
(829,231,24.595566,-2)
(829,232,24.595566,-2)
(830,233,17.150696,-2)
(830,234,17.150696,-2)
(830,235,17.150696,-2)
(830,236,17.150696,-2)
(831,237,14.301712,-2)
(831,238,14.301712,-2)
(831,239,14.301712,-2)
(831,240,14.301712,-2)
(832,240,14.301712,-2)
(832,241,14.301712,-2)
(832,242,14.301712,-2)
(832,243,14.301712,-2)
(832,244,14.301712,-2)
(832,245,14.301712,-2)
(832,246,14.301712,-2)
(833,246,14.301712,-2)
(833,247,14.301712,-2)
(833,248,14.301712,-2)
(833,249,14.301712,-2)
(833,250,14.301712,-2)
(833,251,14.301712,-2)
(833,252,14.301712,-2)
(833,253,14.301712,-2)
(834,254,6.635239,-2)
(834,255,6.635239,-2)
(834,256,6.635239,-2)
(834,257,6.635239,-2)
(834,258,6.635239,-2)
(834,259,6.635239,-2)
(834,260,6.635239,-2)
(834,261,6.635239,-2)
(834,262,6.635239,-2)
(834,263,6.635239,-2)
(835,264,4.153915,-2)
(835,265,4.153915,-2)
(835,266,4.153915,-2)
(835,267,4.153915,-2)
(835,268,4.153915,-2)
(835,269,4.153915,-2)
(835,270,4.153915,-2)
(835,271,4.153915,-2)
(835,272,4.153915,-2)
(835,273,4.153915,-2)
(835,274,4.153915,-2)
(835,275,4.153915,-2)
(835,276,4.153915,-2)
(835,277,4.153915,-2)
(835,278,4.153915,-2)
(835,279,4.153915,-2)
(835,280,4.153915,-2)
(835,281,4.153915,-2)
(835,282,4.153915,-2)
(835,283,4.153915,-2)
(835,284,4.153915,-2)
(835,285,4.153915,-2)
(836,286,1.581001,-2)
(836,287,1.581001,-2)
(836,288,1.581001,-2)
(836,289,1.581001,-2)
(836,290,1.581001,-2)
(836,291,1.581001,-2)
(836,292,1.581001,-2)
(836,293,1.581001,-2)
(836,294,1.581001,-2)
(836,295,1.581001,-2)
(836,296,1.581001,-2)
(836,297,1.581001,-2)
(836,298,1.581001,-2)
(836,299,1.581001,-2)
(836,300,1.581001,-2)
(836,301,1.581001,-2)
(836,302,1.581001,-2)
(836,303,1.581001,-2)
(836,304,1.581001,-2)
(836,305,1.581001,-2)
(836,306,1.581001,-2)
(836,307,1.581001,-2)
(836,308,1.581001,-2)
(836,309,1.581001,-2)
(836,310,1.581001,-2)
(836,311,1.581001,-2)
(836,312,1.581001,-2)
(836,313,1.581001,-2)
(836,314,1.581001,-2)
(836,315,1.581001,-2)
(836,316,1.581001,-2)
(836,317,1.581001,-2)
(836,318,1.581001,-2)
(836,319,1.581001,-2)
(836,320,1.581001,-2)
(835,321,355.915833,-2)
(835,322,355.915833,-2)
(835,323,355.915833,-2)
(835,324,355.915833,-2)
(835,325,355.915833,-2)
(835,326,355.915833,-2)
(835,327,355.915833,-2)
(835,328,355.915833,-2)
(835,329,355.915833,-2)
(835,330,355.915833,-2)
(835,331,355.915833,-2)
(835,332,355.915833,-2)
(835,333,355.915833,-2)
(834,334,355.017914,-2)
(834,335,355.017914,-2)
(834,336,355.017914,-2)
(834,337,355.017914,-2)
(834,338,355.017914,-2)
(834,339,355.017914,-2)
(834,340,355.017914,-2)
(834,341,355.017914,-2)
(834,342,355.017914,-2)
(834,343,355.017914,-2)
(834,344,355.017914,-2)
(834,345,355.017914,-2)
(833,346,355.845856,-2)
(833,347,355.845856,-2)
(833,348,355.845856,-2)
(833,349,355.845856,-2)
(833,350,355.845856,-2)
(833,351,355.845856,-2)
(833,352,355.845856,-2)
(833,353,355.845856,-2)
(833,354,355.845856,-2)
(833,355,355.845856,-2)
(833,356,355.845856,-2)
(833,357,355.845856,-2)
(833,358,355.845856,-2)
(833,359,355.845856,-2)
(833,360,355.845856,-2)
(833,361,355.845856,-2)
(833,362,355.845856,-2)
(833,363,355.845856,-2)
(833,364,355.845856,-2)
(833,365,355.845856,-2)
(833,366,355.845856,-2)
(833,367,355.845856,-2)
(833,368,355.845856,-2)
(833,369,355.845856,-2)
(833,370,355.845856,-2)
(833,371,355.845856,-2)
(833,372,355.845856,-2)
(833,373,355.845856,-2)
(833,374,355.845856,-2)
(833,375,355.845856,-2)
(834,376,7.609459,-2)
(834,377,7.609459,-2)
(834,378,7.609459,-2)
(834,379,7.609459,-2)
(834,380,7.609459,-2)
(834,381,7.609459,-2)
(835,381,7.609459,-2)
(835,382,7.609459,-2)
(835,383,7.609459,-2)
(835,384,7.609459,-2)
(835,385,7.609459,-2)
(836,385,7.609459,-2)
(836,386,7.609459,-2)
(836,387,7.609459,-2)
(836,388,7.609459,-2)
(837,388,7.609459,-2)
(837,389,7.609459,-2)
(837,390,7.609459,-2)
(838,391,21.875732,-2)
(838,392,21.875732,-2)
(839,393,23.397408,-2)
(839,394,23.397408,-2)
(839,395,23.397408,-2)
(840,395,23.397408,-2)
(840,396,23.397408,-2)
(840,397,23.397408,-2)
(841,398,26.190338,-2)
(841,399,26.190338,-2)
(842,399,26.190338,-2)
(842,400,26.190338,-2)
(842,401,26.190338,-2)
(843,401,26.190338,-2)
(843,402,26.190338,-2)
(843,403,26.190338,-2)
(844,404,29.071358,-2)
(844,405,29.071358,-2)
(845,405,29.071358,-2)
(845,406,29.071358,-2)
(846,407,30.335957,-2)
(846,408,30.335957,-2)
(847,408,30.335957,-2)
(847,409,30.335957,-2)
(848,410,31.460957,-2)
(848,411,31.460957,-2)
(849,411,31.460957,-2)
(849,412,31.460957,-2)
(849,413,31.460957,-2)
(850,414,32.678955,-2)
(850,415,32.678955,-2)
(851,415,32.678955,-2)
(851,416,32.678955,-2)
(852,417,33.567776,-2)
(852,418,33.567776,-2)
(853,418,33.567776,-2)
(853,419,33.567776,-2)
(854,420,34.374851,-2)
(855,421,34.627659,-2)
(855,422,34.627659,-2)
(856,422,34.627659,-2)
(856,423,34.627659,-2)
(857,423,34.627659,-2)
(857,424,34.627659,-2)
(858,425,35.639488,-2)
(858,426,35.639488,-2)
(859,426,35.639488,-2)
(859,427,35.639488,-2)
(860,428,36.269554,-2)
(860,429,36.269554,-2)
(861,429,36.269554,-2)
(861,430,36.269554,-2)
(862,431,36.849087,-2)
(863,432,37.031986,-2)
(863,433,37.031986,-2)
(864,433,37.031986,-2)
(864,434,37.031986,-2)
(865,434,37.031986,-2)
(865,435,37.031986,-2)
(866,436,37.768692,-2)
(866,437,37.768692,-2)
(867,437,37.768692,-2)
(867,438,37.768692,-2)
(868,439,38.229439,-2)
(869,439,38.229439,-2)
(869,440,38.229439,-2)
(870,441,38.561432,-2)
(870,442,38.561432,-2)
(871,442,38.561432,-2)
(871,443,38.561432,-2)
(872,444,38.954639,-2)
(873,445,39.077133,-2)
(874,446,39.233875,-2)
(874,447,39.233875,-2)
(875,447,39.233875,-2)
(875,448,39.233875,-2)
(876,449,39.556896,-2)
(877,449,39.556896,-2)
(877,450,39.556896,-2)
(878,451,39.776669,-2)
(879,452,40.244003,-2)
(879,453,40.244003,-2)
(880,453,40.244003,-2)
(880,454,40.244003,-2)
(881,454,40.244003,-2)
(881,455,40.244003,-2)
(882,456,42.622913,-2)
(883,456,42.622913,-2)
(883,457,42.622913,-2)
(884,457,42.622913,-2)
(884,458,42.622913,-2)
(885,458,42.622913,-2)
(885,459,42.622913,-2)
(886,460,44.497032,-2)
(887,460,44.497032,-2)
(887,461,44.497032,-2)
(888,462,45.239201,-2)
(889,462,45.239201,-2)
(889,463,45.239201,-2)
(890,464,45.878010,-2)
(891,464,45.878010,-2)
(891,465,45.878010,-2)
(892,465,45.878010,-2)
(892,466,45.878010,-2)
(893,467,46.704937,-2)
(894,467,46.704937,-2)
(894,468,46.704937,-2)
(895,468,46.704937,-2)
(895,469,46.704937,-2)
(896,469,46.704937,-2)
(897,470,47.401958,-2)
(897,471,47.401958,-2)
(898,471,47.401958,-2)
(899,472,47.723606,-2)
(900,473,47.844074,-2)
(901,474,47.989246,-2)
(902,474,47.989246,-2)
(902,475,47.989246,-2)
(903,476,48.202633,-2)
(904,476,48.202633,-2)
(904,477,48.202633,-2)
(905,477,48.202633,-2)
(905,478,48.202633,-2)
(906,478,48.202633,-2)
(907,479,48.469070,-2)
(907,480,48.469070,-2)
(908,480,48.469070,-2)
(908,481,48.469070,-2)
(909,481,48.469070,-2)
(910,482,48.564159,-2)
(911,482,48.564159,-2)
(911,483,48.564159,-2)
(912,483,48.564159,-2)
(912,484,48.564159,-2)
(913,485,48.559490,-2)
(914,485,48.559490,-2)
(914,486,48.559490,-2)
(915,486,48.559490,-2)
(915,487,48.559490,-2)
(916,487,48.559490,-2)
(917,488,48.419258,-2)
(917,489,48.419258,-2)
(918,489,48.419258,-2)
(919,490,48.267891,-2)
(920,490,48.267891,-2)
(920,491,48.267891,-2)
(921,491,48.267891,-2)
(921,492,48.267891,-2)
(922,493,47.915581,-2)
(923,493,47.915581,-2)
(923,494,47.915581,-2)
(924,494,47.915581,-2)
(924,495,47.915581,-2)
(925,495,47.915581,-2)
(926,496,47.347816,-2)
(926,497,47.347816,-2)
(927,497,47.347816,-2)
(928,498,46.911728,-2)
(928,499,46.911728,-2)
(929,499,46.911728,-2)
(930,500,46.383289,-2)
(931,501,46.033848,-2)
(932,502,45.746269,-2)
(933,502,45.746269,-2)
(933,503,45.746269,-2)
(934,504,44.978214,-2)
(935,505,44.469322,-2)
(936,506,44.048985,-2)
(937,507,43.430416,-2)
(938,508,43.170666,-2)
(939,509,42.812431,-2)
(939,510,42.812431,-2)
(940,510,42.812431,-2)
(941,511,42.262573,-2)
(941,512,42.262573,-2)
(942,512,42.262573,-2)
(942,513,42.262573,-2)
(943,513,42.262573,-2)
(943,514,42.262573,-2)
(944,515,41.450748,-2)
(945,515,41.450748,-2)
(945,516,41.450748,-2)
(946,516,41.450748,-2)
(946,517,41.450748,-2)
(947,518,40.973717,-2)
(947,519,40.973717,-2)
(948,519,40.973717,-2)
(948,520,40.973717,-2)
(949,520,40.973717,-2)
(950,521,40.566483,-2)
(950,522,40.566483,-2)
(951,522,40.566483,-2)
(951,523,40.566483,-2)
(952,523,40.566483,-2)
(952,524,40.566483,-2)
(953,525,40.239143,-2)
(953,526,40.239143,-2)
(954,526,40.239143,-2)
(954,527,40.239143,-2)
(955,527,40.239143,-2)
(955,528,40.239143,-2)
(956,529,40.001469,-2)
(957,530,39.962364,-2)
(958,531,39.928860,-2)
(959,532,39.892723,-2)
(959,533,39.892723,-2)
(960,533,39.892723,-2)
(960,534,39.892723,-2)
(961,535,39.846111,-2)
(962,535,39.846111,-2)
(962,536,39.846111,-2)
(963,537,39.842064,-2)
(963,538,39.842064,-2)
(964,538,39.842064,-2)
(964,539,39.842064,-2)
(965,539,39.842064,-2)
(965,540,39.842064,-2)
(966,541,39.909523,-2)
(967,541,39.909523,-2)
(967,542,39.909523,-2)
(968,542,39.909523,-2)
(968,543,39.909523,-2)
(969,544,40.028496,-2)
(969,545,40.028496,-2)
(970,545,40.028496,-2)
(970,546,40.028496,-2)
(971,546,40.028496,-2)
(971,547,40.028496,-2)
(972,548,40.275982,-2)
(973,549,40.349094,-2)
(973,550,40.349094,-2)
(974,550,40.349094,-2)
(975,551,40.544403,-2)
(975,552,40.544403,-2)
(976,552,40.544403,-2)
(976,553,40.544403,-2)
(977,553,40.544403,-2)
(977,554,40.544403,-2)
(978,555,41.009411,-2)
(979,556,41.137833,-2)
(980,557,41.322762,-2)
(981,558,41.472206,-2)
(981,559,41.472206,-2)
(982,559,41.472206,-2)
(982,560,41.472206,-2)
(983,560,41.472206,-2)
(983,561,41.472206,-2)
(984,562,42.242722,-2)
(985,562,42.242722,-2)
(985,563,42.242722,-2)
(986,563,42.242722,-2)
(986,564,42.242722,-2)
(987,565,42.998962,-2)
(988,565,42.998962,-2)
(988,566,42.998962,-2)
(989,567,43.636353,-2)
(990,568,44.048683,-2)
(991,569,44.384167,-2)
(992,570,44.870758,-2)
(993,571,43.481567,-2)
(994,572,43.709869,-2)
(994,573,43.709869,-2)
(995,573,43.709869,-2)
(996,574,44.088463,-2)
(996,575,44.088463,-2)
(997,575,44.088463,-2)
(998,576,44.445637,-2)
(998,577,44.445637,-2)
(999,577,44.445637,-2)
(1000,578,44.785614,-2)
(1000,579,44.785614,-2)
(1001,579,44.785614,-2)
(1002,580,45.112404,-2)
(1002,581,45.112404,-2)
(1003,581,45.112404,-2)
(1004,582,45.429218,-2)
(1004,583,45.429218,-2)
(1005,583,45.429218,-2)
(1006,584,45.738907,-2)
(1006,585,45.738907,-2)
(1007,585,45.738907,-2)
(1008,586,46.043514,-2)
(1008,587,46.043514,-2)
(1009,587,46.043514,-2)
(1010,588,46.345356,-2)
(1011,589,46.517216,-2)
(1012,590,46.646172,-2)
(1013,590,46.646172,-2)
(1013,591,46.646172,-2)
(1014,592,46.947891,-2)
(1015,592,46.947891,-2)
(1015,593,46.947891,-2)
(1016,593,46.947891,-2)
(1016,594,46.947891,-2)
(1017,595,47.428185,-2)
(1018,595,47.428185,-2)
(1018,596,47.428185,-2)
(1019,596,47.428185,-2)
(1019,597,47.428185,-2)
(1020,597,47.428185,-2)
(1021,598,47.967403,-2)
(1021,599,47.967403,-2)
(1022,599,47.967403,-2)
(1023,600,48.292973,-2)
(1024,601,48.483673,-2)
(1025,601,48.483673,-2)
(1025,602,48.483673,-2)
(1026,603,48.826859,-2)
(1027,603,48.826859,-2)
(1027,604,48.826859,-2)
(1028,604,48.826859,-2)
(1028,605,48.826859,-2)
(1029,605,48.826859,-2)
(1030,606,49.449764,-2)
(1031,607,49.669083,-2)
(1032,608,49.837948,-2)
(1033,608,49.837948,-2)
(1033,609,49.837948,-2)
(1034,609,49.837948,-2)
(1034,610,49.837948,-2)
(1035,610,49.837948,-2)
(1036,611,50.621376,-2)
(1037,612,50.815998,-2)
(1038,612,50.815998,-2)
(1038,613,50.815998,-2)
(1039,613,50.815998,-2)
(1039,614,50.815998,-2)
(1040,614,50.815998,-2)
(1041,615,51.735207,-2)
(1042,616,51.967892,-2)
(1043,616,51.967892,-2)
(1043,617,51.967892,-2)
(1044,617,51.967892,-2)
(1045,618,52.722591,-2)
(1046,619,52.996441,-2)
(1047,620,53.380970,-2)
(1048,620,53.380970,-2)
(1048,621,53.380970,-2)
(1049,621,53.380970,-2)
(1050,622,54.344231,-2)
(1051,622,54.344231,-2)
(1051,623,54.344231,-2)
(1052,623,54.344231,-2)
(1053,624,55.480366,-2)
(1054,624,55.480366,-2)
(1054,625,55.480366,-2)
(1055,625,55.480366,-2)
(1056,626,56.590633,-2)
(1057,626,56.590633,-2)
(1057,627,56.590633,-2)
(1058,627,56.590633,-2)
(1059,628,57.518063,-2)
(1060,628,57.518063,-2)
(1060,629,57.518063,-2)
(1061,629,57.518063,-2)
(1062,630,58.312531,-2)
(1063,630,58.312531,-2)
(1063,631,58.312531,-2)
(1064,631,58.312531,-2)
(1065,632,59.004181,-2)
(1066,632,59.004181,-2)
(1067,633,59.352547,-2)
(1068,633,59.352547,-2)
(1068,634,59.352547,-2)
(1069,634,59.352547,-2)
(1070,634,59.352547,-2)
(1070,635,59.352547,-2)
(1071,635,59.352547,-2)
(1072,636,60.275112,-2)
(1073,636,60.275112,-2)
(1074,637,60.549042,-2)
(1075,637,60.549042,-2)
(1075,638,60.549042,-2)
(1076,638,60.549042,-2)
(1077,638,60.549042,-2)
(1077,639,60.549042,-2)
(1078,639,60.549042,-2)
(1079,640,61.292217,-2)
(1080,640,61.292217,-2)
(1081,640,61.292217,-2)
(1081,641,61.292217,-2)
(1082,641,61.292217,-2)
(1083,642,61.776550,-2)
(1084,642,61.776550,-2)
(1084,643,61.776550,-2)
(1085,643,61.776550,-2)
(1086,643,61.776550,-2)
(1087,644,62.220467,-2)
(1088,644,62.220467,-2)
(1088,645,62.220467,-2)
(1089,645,62.220467,-2)
(1090,645,62.220467,-2)
(1090,646,62.220467,-2)
(1091,646,62.220467,-2)
(1092,646,62.220467,-2)
(1093,647,62.844906,-2)
(1094,647,62.844906,-2)
(1094,648,62.844906,-2)
(1095,648,62.844906,-2)
(1096,648,62.844906,-2)
(1097,649,63.218231,-2)
(1098,649,63.218231,-2)
(1098,650,63.218231,-2)
(1099,650,63.218231,-2)
(1100,650,63.218231,-2)
(1100,651,63.218231,-2)
(1101,651,63.218231,-2)
(1102,652,63.698856,-2)
(1103,652,63.698856,-2)
(1104,652,63.698856,-2)
(1104,653,63.698856,-2)
(1105,653,63.698856,-2)
(1106,653,63.698856,-2)
(1107,654,64.097183,-2)
(1108,654,64.097183,-2)
(1108,655,64.097183,-2)
(1109,655,64.097183,-2)
(1110,655,64.097183,-2)
(1111,656,64.426697,-2)
(1112,656,64.426697,-2)
(1112,657,64.426697,-2)
(1113,657,64.426697,-2)
(1114,657,64.426697,-2)
(1115,658,64.754082,-2)
(1116,658,64.754082,-2)
(1117,659,64.934097,-2)
(1118,659,64.934097,-2)
(1119,659,64.934097,-2)
(1119,660,64.934097,-2)
(1120,660,64.934097,-2)
(1121,660,64.934097,-2)
(1121,661,64.934097,-2)
(1122,661,64.934097,-2)
(1123,662,65.459335,-2)
(1124,662,65.459335,-2)
(1125,662,65.459335,-2)
(1127,663,65.485443,-2)
(1129,664,65.448128,-2)
(1130,665,65.416656,-2)
(1132,666,65.389175,-2)
(1134,667,65.365585,-2)
(1136,667,65.365585,-2)
(1138,668,65.326180,-2)
(1140,669,65.309708,-2)
(1141,670,65.295105,-2)
(1143,671,65.281693,-2)
(1145,672,65.269852,-2)
(1147,673,65.258987,-2)
(1149,673,65.258987,-2)
(1151,674,65.240425,-2)
(1152,675,65.232323,-2)
(1154,676,65.225128,-2)
(1156,677,65.218597,-2)
(1158,678,65.212799,-2)
(1160,678,65.212799,-2)
(1162,679,65.203033,-2)
(1163,680,65.199127,-2)
(1165,681,65.195770,-2)
(1167,682,65.193039,-2)
(1169,683,65.190903,-2)
(1171,683,65.190903,-2)
(1173,684,65.188622,-2)
(1174,685,65.188553,-2)
(1176,686,65.189377,-2)
(1178,687,65.190849,-2)
(1180,688,65.193504,-2)
(1182,689,65.197311,-2)
(1184,689,65.197311,-2)
(1185,690,65.209435,-2)
(1187,691,65.218590,-2)
(1189,692,65.230408,-2)
(1191,693,65.246315,-2)
(1193,694,65.267357,-2)
(1195,694,65.267357,-2)
(1196,695,65.341385,-2)
(1198,696,65.412857,-2)
(1200,697,65.412857,-2)
(1200,697,65.412857,-2)
(1202,698,65.412857,-2)
(1204,699,65.412857,-2)
(1206,700,65.412857,-2)
(1208,701,65.412857,-2)
(1210,702,65.412857,-2)
(1212,703,65.412857,-2)
(1214,704,65.412857,-2)
(1216,705,65.412857,-2)
(1218,706,65.412857,-2)
(1220,707,65.412857,-2)
(1222,708,65.412857,-2)
(1224,709,65.412857,-2)
(1226,710,65.412857,-2)
(1228,711,65.412857,-2)
(1230,712,65.412857,-2)
(1232,713,65.412857,-2)
(1234,714,65.412857,-2)
(1236,715,65.412857,-2)
(1238,716,65.412857,-2)
(1240,717,65.412857,-2)
(1242,718,65.412857,-2)
(1244,719,65.412857,-2)
(1246,720,65.412857,-2)
(1248,721,65.412857,-2)
(1250,722,65.412857,-2)
(1252,723,65.412857,-2)
(1254,724,65.412857,-2)
(1256,725,65.412857,-2)
(1258,726,65.412857,-2)
(1260,727,65.412857,-2)
(1262,728,65.412857,-2)
(1264,729,65.412857,-2)
(1266,730,65.412857,-2)
(1268,731,65.412857,-2)
(1270,732,65.412857,-2)
(1272,733,65.412857,-2)
(1274,734,65.412857,-2)
(1276,735,65.412857,-2)
(1278,736,65.412857,-2)
(1280,737,65.412857,-2)
(1282,738,65.412857,-2)
(1284,739,65.412857,-2)
(1286,740,65.412857,-2)
(1288,741,65.412857,-2)
(1290,742,65.412857,-2)
(1292,743,65.412857,-2)
(1294,744,65.412857,-2)
(1296,745,65.412857,-2)
(1298,746,65.412857,-2)
(1300,747,65.412857,-2)
(1302,748,65.412857,-2)
(1304,749,65.412857,-2)
(1306,750,65.412857,-2)
(1308,751,65.412857,-2)
(1310,752,65.412857,-2)
(1312,753,65.412857,-2)
(1314,754,65.412857,-2)
(1316,755,65.412857,-2)
(1318,756,65.412857,-2)
(1320,757,65.412857,-2)
(1322,758,65.412857,-2)
(1324,759,65.412857,-2)
(1326,760,65.412857,-2)
(1328,761,65.412857,-2)
(1330,762,65.412857,-2)
(1332,763,65.412857,-2)
(1334,764,65.412857,-2)
(1336,765,65.412857,-2)
(1338,766,65.412857,-2)
(1340,767,65.412857,-2)
(1342,768,65.412857,-2)
(1344,769,65.412857,-2)
(1346,770,65.412857,-2)
(1348,771,65.412857,-2)
(1350,772,65.412857,-2)
(1352,773,65.412857,-2)
(1354,774,65.412857,-2)
(1356,775,65.412857,-2)
(1358,776,65.412857,-2)
(1360,777,65.412857,-2)
(1362,778,65.412857,-2)
(1364,779,65.412857,-2)
(1366,780,65.412857,-2)
(1368,781,65.412857,-2)
(1370,782,65.412857,-2)
(1372,783,65.412857,-2)
(1374,784,65.412857,-2)
(1376,785,65.412857,-2)
(1378,786,65.412857,-2)
(1380,787,65.412857,-2)
(1382,788,65.412857,-2)
(1384,789,65.412857,-2)
(1386,790,65.412857,-2)
(1388,791,65.412857,-2)
(1390,792,65.412857,-2)
(1392,793,65.412857,-2)
(1394,794,65.412857,-2)
(1396,795,65.412857,-2)
(1398,796,65.412857,-2)
(1400,797,65.412857,-2)
(1402,798,65.412857,-2)
