18
(-149,794,158.735046,-2)
(-148,792,158.735046,-2)
(-147,790,158.735046,-2)
(-146,788,158.735046,-2)
(-145,786,158.735046,-2)
(-144,784,158.735046,-2)
(-143,782,158.735046,-2)
(-142,780,158.735046,-2)
(-141,778,158.735046,-2)
(-140,776,158.735046,-2)
(-139,774,158.735046,-2)
(-138,772,158.735046,-2)
(-137,770,158.735046,-2)
(-136,768,158.735046,-2)
(-135,766,158.735046,-2)
(-134,764,158.735046,-2)
(-133,762,158.735046,-2)
(-132,760,158.735046,-2)
(-131,758,158.735046,-2)
(-130,756,158.735046,-2)
(-129,754,158.735046,-2)
(-128,752,158.735046,-2)
(-127,750,158.735046,-2)
(-126,748,158.735046,-2)
(-125,746,158.735046,-2)
(-124,744,158.735046,-2)
(-123,742,158.735046,-2)
(-122,740,158.735046,-2)
(-121,738,158.735046,-2)
(-120,736,158.735046,-2)
(-119,734,158.735046,-2)
(-118,732,158.735046,-2)
(-117,730,158.735046,-2)
(-116,728,158.735046,-2)
(-115,726,158.735046,-2)
(-114,724,158.735046,-2)
(-113,722,158.735046,-2)
(-112,720,158.735046,-2)
(-111,718,158.735046,-2)
(-110,716,158.735046,-2)
(-109,714,158.735046,-2)
(-108,712,158.735046,-2)
(-107,710,158.735046,-2)
(-106,708,158.735046,-2)
(-105,706,158.735046,-2)
(-104,704,158.735046,-2)
(-103,702,158.735046,-2)
(-102,700,158.735046,-2)
(-101,698,158.735046,-2)
(-100,696,158.735046,-2)
(-99,694,158.735046,-2)
(-98,692,158.735046,-2)
(-97,690,158.735046,-2)
(-96,688,158.735046,-2)
(-95,686,158.735046,-2)
(-94,684,158.735046,-2)
(-93,682,158.735046,-2)
(-92,680,158.735046,-2)
(-91,678,158.735046,-2)
(-90,676,158.735046,-2)
(-89,674,158.735046,-2)
(-88,672,158.735046,-2)
(-87,670,158.735046,-2)
(-86,668,158.735046,-2)
(-85,666,158.735046,-2)
(-84,664,158.735046,-2)
(-83,662,158.735046,-2)
(-82,660,158.735046,-2)
(-81,658,158.735046,-2)
(-80,656,158.735046,-2)
(-79,654,158.735046,-2)
(-78,652,158.735046,-2)
(-77,650,158.735046,-2)
(-76,648,158.735046,-2)
(-75,646,158.735046,-2)
(-74,644,158.735046,-2)
(-73,642,158.735046,-2)
(-72,640,158.735046,-2)
(-71,638,158.735046,-2)
(-70,636,158.735046,-2)
(-69,634,158.735046,-2)
(-68,632,158.735046,-2)
(-67,630,158.735046,-2)
(-66,628,158.735046,-2)
(-65,626,158.735046,-2)
(-64,624,158.735046,-2)
(-63,622,158.735046,-2)
(-62,620,158.735046,-2)
(-61,618,158.735046,-2)
(-60,616,158.735046,-2)
(-59,614,158.735046,-2)
(-58,612,158.735046,-2)
(-57,610,158.735046,-2)
(-56,608,158.735046,-2)
(-55,606,158.735046,-2)
(-54,604,158.735046,-2)
(-53,602,158.735046,-2)
(-52,600,158.735046,-2)
(-51,598,158.735046,-2)
(-50,596,158.735046,-2)
(-49,594,158.735046,-2)
(-48,592,158.735046,-2)
(-47,590,158.735046,-2)
(-47,588,158.735046,-2)
(-46,586,158.952759,-2)
(-45,585,158.942078,-2)
(-44,583,158.898010,-2)
(-44,581,158.898010,-2)
(-43,579,158.750214,-2)
(-42,577,158.655823,-2)
(-41,575,158.551361,-2)
(-41,573,158.551361,-2)
(-40,571,158.315521,-2)
(-39,570,158.185440,-2)
(-39,568,158.185440,-2)
(-38,566,157.901382,-2)
(-37,564,157.747177,-2)
(-36,562,157.584503,-2)
(-35,560,157.412781,-2)
(-35,558,157.412781,-2)
(-34,557,157.039978,-2)
(-33,555,156.837372,-2)
(-32,553,156.622681,-2)
(-32,551,156.622681,-2)
(-31,549,156.152466,-2)
(-30,547,155.894043,-2)
(-29,546,155.617767,-2)
(-28,544,155.321564,-2)
(-27,542,155.002884,-2)
(-27,540,155.002884,-2)
(-26,538,154.285660,-2)
(-25,536,153.879242,-2)
(-24,535,153.434235,-2)
(-23,533,152.944122,-2)
(-22,531,152.400772,-2)
(-21,529,151.793686,-2)
(-20,528,151.109650,-2)
(-19,526,150.330780,-2)
(-18,524,149.433365,-2)
(-17,522,148.384262,-2)
(-16,521,147.136429,-2)
(-15,519,147.136429,-2)
(-15,518,147.136429,-2)
(-14,518,147.136429,-2)
(-14,517,147.136429,-2)
(-13,516,143.658783,-2)
(-12,515,143.006424,-2)
(-12,514,143.006424,-2)
(-11,514,143.006424,-2)
(-11,513,143.006424,-2)
(-10,513,143.006424,-2)
(-10,512,143.006424,-2)
(-9,511,140.581268,-2)
(-8,510,140.097046,-2)
(-8,509,140.097046,-2)
(-7,509,140.097046,-2)
(-7,508,140.097046,-2)
(-6,508,140.097046,-2)
(-6,507,140.097046,-2)
(-5,506,138.246704,-2)
(-4,506,138.246704,-2)
(-4,505,138.246704,-2)
(-3,504,137.385742,-2)
(-2,504,137.385742,-2)
(-2,503,137.385742,-2)
(-1,502,136.599655,-2)
(0,501,136.282745,-2)
(0,500,136.282745,-2)
(1,499,135.584747,-2)
(2,498,135.208954,-2)
(3,497,134.937134,-2)
(4,496,134.587158,-2)
(5,495,134.250153,-2)
(6,494,134.005234,-2)
(7,494,134.005234,-2)
(7,493,134.005234,-2)
(8,492,133.457870,-2)
(9,492,133.457870,-2)
(9,491,133.457870,-2)
(10,491,133.457870,-2)
(10,490,133.457870,-2)
(11,489,132.656189,-2)
(12,489,132.656189,-2)
(12,488,132.656189,-2)
(13,488,132.656189,-2)
(14,487,132.044312,-2)
(14,486,132.044312,-2)
(15,486,132.044312,-2)
(15,485,132.044312,-2)
(16,485,132.044312,-2)
(17,484,131.401886,-2)
(18,483,131.154144,-2)
(19,483,131.154144,-2)
(19,482,131.154144,-2)
(20,481,130.730957,-2)
(21,481,130.730957,-2)
(21,480,130.730957,-2)
(22,480,130.730957,-2)
(23,479,130.202896,-2)
(24,478,130.030090,-2)
(25,477,129.801575,-2)
(26,477,129.801575,-2)
(26,476,129.801575,-2)
(27,476,129.801575,-2)
(28,475,129.293213,-2)
(28,474,129.293213,-2)
(29,474,129.293213,-2)
(30,473,128.900467,-2)
(31,473,128.900467,-2)
(31,472,128.900467,-2)
(32,472,128.900467,-2)
(33,471,128.393768,-2)
(33,470,128.393768,-2)
(34,470,128.393768,-2)
(35,469,127.994209,-2)
(36,469,127.994209,-2)
(36,468,127.994209,-2)
(37,468,127.994209,-2)
(38,467,127.466202,-2)
(39,466,127.285004,-2)
(40,465,127.037964,-2)
(41,465,127.037964,-2)
(41,464,127.037964,-2)
(42,464,127.037964,-2)
(43,463,126.452530,-2)
(44,463,126.452530,-2)
(44,462,126.452530,-2)
(45,462,126.452530,-2)
(46,461,124.246841,-2)
(47,461,124.246841,-2)
(47,460,124.246841,-2)
(48,460,124.246841,-2)
(49,459,124.029022,-2)
(50,458,123.942993,-2)
(51,458,123.942993,-2)
(51,457,123.942993,-2)
(52,457,123.942993,-2)
(53,456,123.649544,-2)
(54,456,123.649544,-2)
(54,455,123.649544,-2)
(55,455,123.649544,-2)
(56,454,123.306511,-2)
(57,454,123.306511,-2)
(57,453,123.306511,-2)
(58,453,123.306511,-2)
(59,453,123.306511,-2)
(59,452,123.306511,-2)
(60,452,123.306511,-2)
(61,451,122.630524,-2)
(62,451,122.630524,-2)
(62,450,122.630524,-2)
(63,450,122.630524,-2)
(64,449,122.162033,-2)
(65,449,122.162033,-2)
(65,448,122.162033,-2)
(66,448,122.162033,-2)
(67,447,121.643837,-2)
(68,447,121.643837,-2)
(68,446,121.643837,-2)
(69,446,121.643837,-2)
(70,446,121.643837,-2)
(71,445,120.937454,-2)
(72,444,120.729645,-2)
(73,444,120.729645,-2)
(73,443,120.729645,-2)
(74,443,120.729645,-2)
(75,443,120.729645,-2)
(75,442,120.729645,-2)
(76,442,120.729645,-2)
(77,441,119.581352,-2)
(78,441,119.581352,-2)
(79,440,119.153404,-2)
(80,440,119.153404,-2)
(81,439,118.605904,-2)
(82,439,118.605904,-2)
(82,438,118.605904,-2)
(83,438,118.605904,-2)
(84,438,118.605904,-2)
(85,437,117.493652,-2)
(86,437,117.493652,-2)
(86,436,117.493652,-2)
(87,436,117.493652,-2)
(88,436,117.493652,-2)
(88,435,117.493652,-2)
(89,435,117.493652,-2)
(90,435,117.493652,-2)
(91,434,115.432770,-2)
(92,434,115.432770,-2)
(92,433,115.432770,-2)
(93,433,115.432770,-2)
(94,433,115.432770,-2)
(95,432,113.811829,-2)
(96,432,113.811829,-2)
(97,431,112.805984,-2)
(98,431,112.805984,-2)
(99,431,112.805984,-2)
(99,430,112.805984,-2)
(100,430,112.805984,-2)
(101,430,112.805984,-2)
(102,429,110.249908,-2)
(103,429,110.249908,-2)
(104,429,110.249908,-2)
(105,428,108.351448,-2)
(106,428,108.351448,-2)
(107,428,108.351448,-2)
(108,427,106.127396,-2)
(109,427,106.127396,-2)
(110,427,106.127396,-2)
(111,427,106.127396,-2)
(112,426,102.747658,-2)
(113,426,102.747658,-2)
(114,426,102.747658,-2)
(115,426,102.747658,-2)
(116,426,102.747658,-2)
(117,426,102.747658,-2)
(118,425,96.693283,-2)
(119,425,96.693283,-2)
(120,425,96.693283,-2)
(121,425,96.693283,-2)
(122,425,96.693283,-2)
(123,425,96.693283,-2)
(124,425,96.693283,-2)
(125,425,96.693283,-2)
(126,425,96.693283,-2)
(127,425,96.693283,-2)
(128,425,96.693283,-2)
(129,425,96.693283,-2)
(130,425,96.693283,-2)
(131,425,96.693283,-2)
(132,425,96.693283,-2)
(133,425,96.693283,-2)
(134,425,96.693283,-2)
(135,425,96.693283,-2)
(136,425,96.693283,-2)
(137,425,96.693283,-2)
(138,425,96.693283,-2)
(139,425,96.693283,-2)
(140,425,96.693283,-2)
(141,425,96.693283,-2)
(142,425,96.693283,-2)
(143,425,96.693283,-2)
(144,426,85.387459,-2)
(145,426,85.387459,-2)
(146,426,85.387459,-2)
(147,426,85.387459,-2)
(148,426,85.387459,-2)
(149,426,85.387459,-2)
(150,426,85.387459,-2)
(151,426,85.387459,-2)
(152,426,85.387459,-2)
(153,426,85.387459,-2)
(154,427,83.768478,-2)
(155,427,83.768478,-2)
(156,427,83.768478,-2)
(157,427,83.768478,-2)
(158,427,83.768478,-2)
(159,427,83.768478,-2)
(160,427,83.768478,-2)
(161,427,83.768478,-2)
(162,427,83.768478,-2)
(162,428,83.768478,-2)
(163,428,83.768478,-2)
(164,428,83.768478,-2)
(165,428,83.768478,-2)
(166,428,83.768478,-2)
(167,428,83.768478,-2)
(168,428,83.768478,-2)
(169,428,83.768478,-2)
(170,428,83.768478,-2)
(170,429,83.768478,-2)
(171,429,83.768478,-2)
(172,429,83.768478,-2)
(173,429,83.768478,-2)
(174,429,83.768478,-2)
(175,429,83.768478,-2)
(176,429,83.768478,-2)
(177,429,83.768478,-2)
(178,429,83.768478,-2)
(179,430,83.495361,-2)
(180,430,83.495361,-2)
(181,430,83.495361,-2)
(182,430,83.495361,-2)
(183,430,83.495361,-2)
(184,430,83.495361,-2)
(185,430,83.495361,-2)
(186,430,83.495361,-2)
(187,430,83.495361,-2)
(188,430,83.495361,-2)
(189,431,85.207848,-2)
(190,431,85.207848,-2)
(191,431,85.207848,-2)
(192,431,85.207848,-2)
(193,431,85.207848,-2)
(194,431,85.207848,-2)
(195,431,85.207848,-2)
(196,431,85.207848,-2)
(197,431,85.207848,-2)
(198,431,85.207848,-2)
(199,431,85.207848,-2)
(200,431,85.207848,-2)
(201,431,85.207848,-2)
(202,431,85.207848,-2)
(203,431,85.207848,-2)
(204,431,85.207848,-2)
(205,431,85.207848,-2)
(206,431,85.207848,-2)
(207,431,85.207848,-2)
(208,431,85.207848,-2)
(209,431,85.207848,-2)
(210,431,85.207848,-2)
(211,431,85.207848,-2)
(212,431,85.207848,-2)
(213,431,85.207848,-2)
(214,431,85.207848,-2)
(215,431,85.207848,-2)
(216,431,85.207848,-2)
(217,431,85.207848,-2)
(218,431,85.207848,-2)
(219,431,85.207848,-2)
(220,431,85.207848,-2)
(221,432,89.520599,-2)
(222,432,89.520599,-2)
(223,432,89.520599,-2)
(224,432,89.520599,-2)
(225,432,89.520599,-2)
(226,432,89.520599,-2)
(227,432,89.520599,-2)
(228,432,89.520599,-2)
(229,432,89.520599,-2)
(230,432,89.520599,-2)
(231,432,89.520599,-2)
(232,432,89.520599,-2)
(233,432,89.520599,-2)
(234,432,89.520599,-2)
(235,432,89.520599,-2)
(236,432,89.520599,-2)
(237,432,89.520599,-2)
(238,432,89.520599,-2)
(239,432,89.520599,-2)
(240,432,89.520599,-2)
(241,432,89.520599,-2)
(242,432,89.520599,-2)
(243,432,89.520599,-2)
(244,432,89.520599,-2)
(245,432,89.520599,-2)
(246,432,89.520599,-2)
(247,432,89.520599,-2)
(248,432,89.520599,-2)
(249,432,89.520599,-2)
(250,432,89.520599,-2)
(251,432,89.520599,-2)
(252,432,89.520599,-2)
(253,432,89.520599,-2)
(254,432,89.520599,-2)
(255,432,89.520599,-2)
(256,432,89.520599,-2)
(257,432,89.520599,-2)
(258,432,89.520599,-2)
(259,432,89.520599,-2)
(260,432,89.520599,-2)
(261,432,89.520599,-2)
(262,432,89.520599,-2)
(263,432,89.520599,-2)
(264,432,89.520599,-2)
(265,432,89.520599,-2)
(266,432,89.520599,-2)
(267,432,89.520599,-2)
(268,432,89.520599,-2)
(269,432,89.520599,-2)
(270,432,89.520599,-2)
(271,432,89.520599,-2)
(272,433,86.753601,-2)
(273,433,86.753601,-2)
(274,433,86.753601,-2)
(275,433,86.753601,-2)
(276,433,86.753601,-2)
(277,433,86.753601,-2)
(278,433,86.753601,-2)
(279,433,86.753601,-2)
(280,433,86.753601,-2)
(281,433,86.753601,-2)
(282,433,86.753601,-2)
(283,433,86.753601,-2)
(283,434,86.753601,-2)
(284,434,86.753601,-2)
(285,434,86.753601,-2)
(286,434,86.753601,-2)
(287,434,86.753601,-2)
(288,434,86.753601,-2)
(288,435,86.753601,-2)
(289,435,86.753601,-2)
(290,435,86.753601,-2)
(291,435,86.753601,-2)
(292,435,86.753601,-2)
(293,435,86.753601,-2)
(294,436,78.149811,-2)
(295,436,78.149811,-2)
(296,436,78.149811,-2)
(297,436,78.149811,-2)
(298,436,78.149811,-2)
(298,437,78.149811,-2)
(299,437,78.149811,-2)
(300,437,78.149811,-2)
(301,437,78.149811,-2)
(302,437,78.149811,-2)
(303,438,76.659195,-2)
(304,438,76.659195,-2)
(305,438,76.659195,-2)
(306,438,76.659195,-2)
(307,439,76.213188,-2)
(308,439,76.213188,-2)
(309,439,76.213188,-2)
(310,439,76.213188,-2)
(311,440,75.936127,-2)
(312,440,75.936127,-2)
(313,440,75.936127,-2)
(314,440,75.936127,-2)
(315,441,75.772728,-2)
(316,441,75.772728,-2)
(317,441,75.772728,-2)
(318,441,75.772728,-2)
(319,442,75.718887,-2)
(320,442,75.718887,-2)
(321,442,75.718887,-2)
(322,442,75.718887,-2)
(323,443,75.784172,-2)
(324,443,75.784172,-2)
(325,443,75.784172,-2)
(326,443,75.784172,-2)
(327,444,75.958611,-2)
(328,444,75.958611,-2)
(329,444,75.958611,-2)
(330,444,75.958611,-2)
(331,445,76.247475,-2)
(332,445,76.247475,-2)
(333,445,76.247475,-2)
(334,445,76.247475,-2)
(335,446,76.707764,-2)
(336,446,76.707764,-2)
(337,446,76.707764,-2)
(338,446,76.707764,-2)
(339,446,76.707764,-2)
(339,447,76.707764,-2)
(340,447,76.707764,-2)
(341,447,76.707764,-2)
(342,447,76.707764,-2)
(343,447,76.707764,-2)
(344,448,78.234467,-2)
(345,448,78.234467,-2)
(346,448,78.234467,-2)
(347,448,78.234467,-2)
(348,448,78.234467,-2)
(349,448,78.234467,-2)
(349,449,78.234467,-2)
(350,449,78.234467,-2)
(351,449,78.234467,-2)
(352,449,78.234467,-2)
(353,449,78.234467,-2)
(354,449,78.234467,-2)
(354,450,78.234467,-2)
(355,450,78.234467,-2)
(356,450,78.234467,-2)
(357,450,78.234467,-2)
(358,450,78.234467,-2)
(359,450,78.234467,-2)
(360,450,78.234467,-2)
(361,450,78.234467,-2)
(362,451,81.240242,-2)
(363,451,81.240242,-2)
(364,451,81.240242,-2)
(365,451,81.240242,-2)
(366,451,81.240242,-2)
(367,451,81.240242,-2)
(368,451,81.240242,-2)
(368,452,81.240242,-2)
(369,452,81.240242,-2)
(370,452,81.240242,-2)
(371,452,81.240242,-2)
(372,452,81.240242,-2)
(373,452,81.240242,-2)
(374,452,81.240242,-2)
(375,452,81.240242,-2)
(376,453,83.138367,-2)
(377,453,83.138367,-2)
(378,453,83.138367,-2)
(379,453,83.138367,-2)
(380,453,83.138367,-2)
(381,453,83.138367,-2)
(382,453,83.138367,-2)
(383,453,83.138367,-2)
(384,453,83.138367,-2)
(385,454,83.820274,-2)
(386,454,83.820274,-2)
(387,454,83.820274,-2)
(388,454,83.820274,-2)
(389,454,83.820274,-2)
(390,454,83.820274,-2)
(391,454,83.820274,-2)
(392,454,83.820274,-2)
(393,454,83.820274,-2)
(394,454,83.820274,-2)
(395,455,84.292366,-2)
(396,455,84.292366,-2)
(397,455,84.292366,-2)
(398,455,84.292366,-2)
(399,455,84.292366,-2)
(400,455,84.292366,-2)
(401,455,84.292366,-2)
(402,455,84.292366,-2)
(403,455,84.292366,-2)
(404,455,84.292366,-2)
(405,456,84.492744,-2)
(406,456,84.492744,-2)
(407,456,84.492744,-2)
(408,456,84.492744,-2)
(409,456,84.492744,-2)
(410,456,84.492744,-2)
(411,456,84.492744,-2)
(412,456,84.492744,-2)
(413,456,84.492744,-2)
(414,456,84.492744,-2)
(415,456,84.492744,-2)
(415,457,84.492744,-2)
(416,457,84.492744,-2)
(417,457,84.492744,-2)
(418,457,84.492744,-2)
(419,457,84.492744,-2)
(420,457,84.492744,-2)
(421,457,84.492744,-2)
(422,457,84.492744,-2)
(423,457,84.492744,-2)
(424,457,84.492744,-2)
(425,458,84.044052,-2)
(426,458,84.044052,-2)
(427,458,84.044052,-2)
(428,458,84.044052,-2)
(429,458,84.044052,-2)
(430,458,84.044052,-2)
(431,458,84.044052,-2)
(432,458,84.044052,-2)
(433,458,84.044052,-2)
(434,458,84.044052,-2)
(434,459,84.044052,-2)
(435,459,84.044052,-2)
(436,459,84.044052,-2)
(437,459,84.044052,-2)
(438,459,84.044052,-2)
(439,459,84.044052,-2)
(440,459,84.044052,-2)
(441,459,84.044052,-2)
(442,460,81.077339,-2)
(443,460,81.077339,-2)
(444,460,81.077339,-2)
(445,460,81.077339,-2)
(446,460,81.077339,-2)
(447,460,81.077339,-2)
(447,461,81.077339,-2)
(448,461,81.077339,-2)
(449,461,81.077339,-2)
(450,461,81.077339,-2)
(451,461,81.077339,-2)
(452,461,81.077339,-2)
(453,462,77.706223,-2)
(454,462,77.706223,-2)
(455,462,77.706223,-2)
(456,462,77.706223,-2)
(457,463,76.998665,-2)
(458,463,76.998665,-2)
(459,463,76.998665,-2)
(460,463,76.998665,-2)
(461,463,76.998665,-2)
(462,464,76.511398,-2)
(463,464,76.511398,-2)
(464,464,76.511398,-2)
(465,464,76.511398,-2)
(465,465,76.511398,-2)
(466,465,76.511398,-2)
(467,465,76.511398,-2)
(468,465,76.511398,-2)
(469,465,76.511398,-2)
(469,466,76.511398,-2)
(470,466,76.511398,-2)
(471,466,76.511398,-2)
(472,466,76.511398,-2)
(473,466,76.511398,-2)
(474,467,76.379166,-2)
(475,467,76.379166,-2)
(476,467,76.379166,-2)
(477,467,76.379166,-2)
(477,468,76.379166,-2)
(478,468,76.379166,-2)
(479,468,76.379166,-2)
(480,468,76.379166,-2)
(481,468,76.379166,-2)
(482,469,77.135139,-2)
(483,469,77.135139,-2)
(484,469,77.135139,-2)
(485,469,77.135139,-2)
(486,469,77.135139,-2)
(486,470,77.135139,-2)
(487,470,77.135139,-2)
(488,470,77.135139,-2)
(489,470,77.135139,-2)
(490,470,77.135139,-2)
(491,470,77.135139,-2)
(492,471,79.022949,-2)
(493,471,79.022949,-2)
(494,471,79.022949,-2)
(495,471,79.022949,-2)
(496,471,79.022949,-2)
(497,472,80.534554,-2)
(498,472,80.534554,-2)
(499,472,80.534554,-2)
(500,472,80.534554,-2)
(501,472,80.534554,-2)
(502,472,80.534554,-2)
(503,472,80.534554,-2)
(503,473,80.534554,-2)
(504,473,80.534554,-2)
(505,473,80.534554,-2)
(506,473,80.534554,-2)
(507,473,80.534554,-2)
(508,473,80.534554,-2)
(509,473,80.534554,-2)
(510,473,80.534554,-2)
(511,473,80.534554,-2)
(512,473,80.534554,-2)
(513,473,80.534554,-2)
(514,473,80.534554,-2)
(515,473,80.534554,-2)
(516,473,80.534554,-2)
(517,473,80.534554,-2)
(518,473,80.534554,-2)
(519,473,80.534554,-2)
(520,473,80.534554,-2)
(521,473,80.534554,-2)
(522,473,80.534554,-2)
(523,473,80.534554,-2)
(524,473,80.534554,-2)
(525,473,80.534554,-2)
(525,472,80.534554,-2)
(526,472,80.534554,-2)
(527,472,80.534554,-2)
(528,472,80.534554,-2)
(529,472,80.534554,-2)
(530,472,80.534554,-2)
(531,472,80.534554,-2)
(532,471,100.738716,-2)
(533,471,100.738716,-2)
(534,471,100.738716,-2)
(535,471,100.738716,-2)
(536,471,100.738716,-2)
(536,470,100.738716,-2)
(537,470,100.738716,-2)
(538,470,100.738716,-2)
(539,470,100.738716,-2)
(540,470,100.738716,-2)
(541,469,104.827255,-2)
(542,469,104.827255,-2)
(543,469,104.827255,-2)
(544,469,104.827255,-2)
(545,468,106.307388,-2)
(546,468,106.307388,-2)
(547,468,106.307388,-2)
(548,467,107.395401,-2)
(549,467,107.395401,-2)
(550,467,107.395401,-2)
(551,466,108.412231,-2)
(552,466,108.412231,-2)
(553,466,108.412231,-2)
(554,465,109.368843,-2)
(555,465,109.368843,-2)
(556,465,109.368843,-2)
(556,464,109.368843,-2)
(557,464,109.368843,-2)
(558,464,109.368843,-2)
(559,464,109.368843,-2)
(559,463,109.368843,-2)
(560,463,109.368843,-2)
(561,463,109.368843,-2)
(562,462,111.658127,-2)
(563,462,111.658127,-2)
(564,462,111.658127,-2)
(565,461,112.467163,-2)
(566,461,112.467163,-2)
(566,460,112.467163,-2)
(567,460,112.467163,-2)
(568,460,112.467163,-2)
(569,459,113.540749,-2)
(570,459,113.540749,-2)
(571,459,113.540749,-2)
(572,458,114.301788,-2)
(573,458,114.301788,-2)
(573,457,114.301788,-2)
(574,457,114.301788,-2)
(575,457,114.301788,-2)
(576,456,115.333244,-2)
(577,456,115.333244,-2)
(577,455,115.333244,-2)
(578,455,115.333244,-2)
(579,455,115.333244,-2)
(580,454,116.363373,-2)
(581,454,116.363373,-2)
(582,453,116.931580,-2)
(583,453,116.931580,-2)
(583,452,116.931580,-2)
(584,452,116.931580,-2)
(585,452,116.931580,-2)
(586,451,117.999725,-2)
(587,451,117.999725,-2)
(587,450,117.999725,-2)
(588,450,117.999725,-2)
(589,450,117.999725,-2)
(589,449,117.999725,-2)
(590,449,117.999725,-2)
(591,448,119.559891,-2)
(592,448,119.559891,-2)
(593,447,120.122589,-2)
(594,447,120.122589,-2)
(594,446,120.122589,-2)
(595,446,120.122589,-2)
(596,446,120.122589,-2)
(596,445,120.122589,-2)
(597,445,120.122589,-2)
(598,444,121.328384,-2)
(599,444,121.328384,-2)
(599,443,121.328384,-2)
(600,443,121.328384,-2)
(601,442,121.775208,-2)
(602,442,121.775208,-2)
(603,441,122.039322,-2)
(604,441,122.039322,-2)
(604,440,122.039322,-2)
(605,440,122.039322,-2)
(606,439,122.540726,-2)
(607,439,122.540726,-2)
(607,438,122.540726,-2)
(608,438,122.540726,-2)
(609,438,122.540726,-2)
(609,437,122.540726,-2)
(610,437,122.540726,-2)
(611,436,123.458847,-2)
(612,436,123.458847,-2)
(612,435,123.458847,-2)
(613,435,123.458847,-2)
(614,434,124.065399,-2)
(615,434,124.065399,-2)
(615,433,124.065399,-2)
(616,433,124.065399,-2)
(617,432,124.719971,-2)
(618,431,124.949799,-2)
(619,431,124.949799,-2)
(619,430,124.949799,-2)
(620,430,124.949799,-2)
(620,429,124.949799,-2)
(621,429,124.949799,-2)
(622,428,126.024933,-2)
(623,428,126.024933,-2)
(623,427,126.024933,-2)
(624,427,126.024933,-2)
(625,426,126.855331,-2)
(626,426,126.855331,-2)
(626,425,126.855331,-2)
(627,425,126.855331,-2)
(628,424,127.770096,-2)
(628,423,127.770096,-2)
(629,423,127.770096,-2)
(630,422,128.550385,-2)
(631,422,128.550385,-2)
(631,421,128.550385,-2)
(632,421,128.550385,-2)
(633,420,129.657715,-2)
(633,419,129.657715,-2)
(634,419,129.657715,-2)
(635,418,130.614899,-2)
(636,418,130.614899,-2)
(636,417,130.614899,-2)
(637,416,131.671600,-2)
(638,416,131.671600,-2)
(638,415,131.671600,-2)
(639,415,131.671600,-2)
(639,414,131.671600,-2)
(640,414,131.671600,-2)
(641,413,133.964798,-2)
(641,412,133.964798,-2)
(642,412,133.964798,-2)
(642,411,133.964798,-2)
(643,411,133.964798,-2)
(643,410,133.964798,-2)
(644,410,133.964798,-2)
(645,409,137.087143,-2)
(645,408,137.087143,-2)
(646,408,137.087143,-2)
(646,407,137.087143,-2)
(647,407,137.087143,-2)
(647,406,137.087143,-2)
(648,405,140.554291,-2)
(648,404,140.554291,-2)
(649,404,140.554291,-2)
(649,403,140.554291,-2)
(650,403,140.554291,-2)
(650,402,140.554291,-2)
(651,401,145.577713,-2)
(652,400,146.996765,-2)
(652,399,146.996765,-2)
(653,398,149.643173,-2)
(653,397,149.643173,-2)
(654,397,149.643173,-2)
(654,396,149.643173,-2)
(654,395,149.643173,-2)
(655,395,149.643173,-2)
(655,394,149.643173,-2)
(655,393,149.643173,-2)
(655,392,149.643173,-2)
(656,392,149.643173,-2)
(656,391,149.643173,-2)
(656,390,149.643173,-2)
(656,389,149.643173,-2)
(656,388,149.643173,-2)
(657,387,172.190582,-2)
(657,386,172.190582,-2)
(657,385,172.190582,-2)
(657,384,172.190582,-2)
(657,383,172.190582,-2)
(657,382,172.190582,-2)
(657,381,172.190582,-2)
(657,380,172.190582,-2)
(657,379,172.190582,-2)
(657,378,172.190582,-2)
(656,377,186.733765,-2)
(656,376,186.733765,-2)
(656,375,186.733765,-2)
(656,374,186.733765,-2)
(656,373,186.733765,-2)
(656,372,186.733765,-2)
(655,371,191.645782,-2)
(655,370,191.645782,-2)
(655,369,191.645782,-2)
(655,368,191.645782,-2)
(655,367,191.645782,-2)
(654,367,191.645782,-2)
(654,366,191.645782,-2)
(654,365,191.645782,-2)
(654,364,191.645782,-2)
(653,363,196.443710,-2)
(653,362,196.443710,-2)
(653,361,196.443710,-2)
(652,360,197.887604,-2)
(652,359,197.887604,-2)
(652,358,197.887604,-2)
(652,357,197.887604,-2)
(651,357,197.887604,-2)
(651,356,197.887604,-2)
(651,355,197.887604,-2)
(651,354,197.887604,-2)
(650,354,197.887604,-2)
(650,353,197.887604,-2)
(650,352,197.887604,-2)
(649,351,201.340210,-2)
(649,350,201.340210,-2)
(648,349,202.122208,-2)
(648,348,202.122208,-2)
(648,347,202.122208,-2)
(647,347,202.122208,-2)
(647,346,202.122208,-2)
(647,345,202.122208,-2)
(646,344,203.708145,-2)
(646,343,203.708145,-2)
(645,342,204.403168,-2)
(645,341,204.403168,-2)
(645,340,204.403168,-2)
(644,340,204.403168,-2)
(644,339,204.403168,-2)
(644,338,204.403168,-2)
(643,338,204.403168,-2)
(643,337,204.403168,-2)
(643,336,204.403168,-2)
(642,335,206.523956,-2)
(642,334,206.523956,-2)
(641,334,206.523956,-2)
(641,333,206.523956,-2)
(641,332,206.523956,-2)
(640,331,207.744614,-2)
(640,330,207.744614,-2)
(639,330,207.744614,-2)
(639,329,207.744614,-2)
(639,328,207.744614,-2)
(638,328,207.744614,-2)
(638,327,207.744614,-2)
(637,326,209.484344,-2)
(637,325,209.484344,-2)
(636,324,210.103516,-2)
(636,323,210.103516,-2)
(635,323,210.103516,-2)
(635,322,210.103516,-2)
(635,321,210.103516,-2)
(634,321,210.103516,-2)
(634,320,210.103516,-2)
(633,319,212.183990,-2)
(633,318,212.183990,-2)
(632,318,212.183990,-2)
(632,317,212.183990,-2)
(631,316,213.701813,-2)
(631,315,213.701813,-2)
(630,315,213.701813,-2)
(630,314,213.701813,-2)
(629,313,215.593231,-2)
(629,312,215.593231,-2)
(628,312,215.593231,-2)
(628,311,215.593231,-2)
(627,310,218.989792,-2)
(626,310,218.989792,-2)
(626,309,218.989792,-2)
(625,308,221.304352,-2)
(624,307,222.194061,-2)
(623,306,223.299026,-2)
(623,305,223.299026,-2)
(622,305,223.299026,-2)
(621,304,225.039673,-2)
(621,303,225.039673,-2)
(620,303,225.039673,-2)
(619,302,226.575943,-2)
(619,301,226.575943,-2)
(618,301,226.575943,-2)
(617,300,227.945709,-2)
(616,300,227.945709,-2)
(616,299,227.945709,-2)
(615,299,227.945709,-2)
(615,298,227.945709,-2)
(614,297,229.830200,-2)
(613,297,229.830200,-2)
(613,296,229.830200,-2)
(612,296,229.830200,-2)
(612,295,229.830200,-2)
(611,295,229.830200,-2)
(610,294,231.596970,-2)
(609,294,231.596970,-2)
(609,293,231.596970,-2)
(608,293,231.596970,-2)
(607,292,232.769592,-2)
(606,292,232.769592,-2)
(606,291,232.769592,-2)
(605,291,232.769592,-2)
(605,290,232.769592,-2)
(604,290,232.769592,-2)
(603,289,234.286011,-2)
(602,288,234.611328,-2)
(601,288,234.611328,-2)
(601,287,234.611328,-2)
(600,287,234.611328,-2)
(599,286,235.541748,-2)
(598,286,235.541748,-2)
(598,285,235.541748,-2)
(597,285,235.541748,-2)
(596,284,236.413803,-2)
(595,284,236.413803,-2)
(595,283,236.413803,-2)
(594,283,236.413803,-2)
(593,282,237.238998,-2)
(592,282,237.238998,-2)
(592,281,237.238998,-2)
(591,281,237.238998,-2)
(590,280,238.027557,-2)
(589,280,238.027557,-2)
(589,279,238.027557,-2)
(588,279,238.027557,-2)
(587,279,238.027557,-2)
(587,278,238.027557,-2)
(586,278,238.027557,-2)
(585,277,239.285400,-2)
(584,277,239.285400,-2)
(583,276,239.694992,-2)
(582,276,239.694992,-2)
(582,275,239.694992,-2)
(581,275,239.694992,-2)
(580,275,239.694992,-2)
(580,274,239.694992,-2)
(579,274,239.694992,-2)
(578,273,240.917099,-2)
(577,273,240.917099,-2)
(576,272,241.328217,-2)
(575,272,241.328217,-2)
(575,271,241.328217,-2)
(574,271,241.328217,-2)
(573,271,241.328217,-2)
(573,270,241.328217,-2)
(572,270,241.328217,-2)
(571,270,241.328217,-2)
(570,269,242.782349,-2)
(569,269,242.782349,-2)
(569,268,242.782349,-2)
(568,268,242.782349,-2)
(567,268,242.782349,-2)
(567,267,242.782349,-2)
(566,267,242.782349,-2)
(565,267,242.782349,-2)
(564,266,244.429337,-2)
(563,266,244.429337,-2)
(563,265,244.429337,-2)
(562,265,244.429337,-2)
(561,265,244.429337,-2)
(560,264,246.890533,-2)
(559,264,246.890533,-2)
(558,264,246.890533,-2)
(558,263,246.890533,-2)
(557,263,246.890533,-2)
(556,263,246.890533,-2)
(556,262,246.890533,-2)
(555,262,246.890533,-2)
(554,262,246.890533,-2)
(553,261,247.376938,-2)
(552,261,247.376938,-2)
(551,261,247.376938,-2)
(551,260,247.376938,-2)
(550,260,247.376938,-2)
(549,260,247.376938,-2)
(549,259,247.376938,-2)
(548,259,247.376938,-2)
(547,259,247.376938,-2)
(546,259,247.376938,-2)
(546,258,247.376938,-2)
(545,258,247.376938,-2)
(544,258,247.376938,-2)
(543,257,248.516647,-2)
(542,257,248.516647,-2)
(541,257,248.516647,-2)
(541,256,248.516647,-2)
(540,256,248.516647,-2)
(539,256,248.516647,-2)
(538,256,248.516647,-2)
(538,255,248.516647,-2)
(537,255,248.516647,-2)
(536,255,248.516647,-2)
(535,254,249.739914,-2)
(534,254,249.739914,-2)
(533,254,249.739914,-2)
(532,253,250.297241,-2)
(531,253,250.297241,-2)
(530,253,250.297241,-2)
(529,252,250.914932,-2)
(528,252,250.914932,-2)
(527,251,251.423233,-2)
(526,251,251.423233,-2)
(525,251,251.423233,-2)
(524,251,251.423233,-2)
(524,250,251.423233,-2)
(523,250,251.423233,-2)
(522,250,251.423233,-2)
(521,250,251.423233,-2)
(521,249,251.423233,-2)
(520,249,251.423233,-2)
(519,249,251.423233,-2)
(518,249,251.423233,-2)
(518,248,251.423233,-2)
(517,248,251.423233,-2)
(516,248,251.423233,-2)
(515,248,251.423233,-2)
(514,248,251.423233,-2)
(513,247,255.653107,-2)
(512,247,255.653107,-2)
(511,247,255.653107,-2)
(510,247,255.653107,-2)
(509,246,257.386475,-2)
(508,246,257.386475,-2)
(507,246,257.386475,-2)
(506,246,257.386475,-2)
(505,246,257.386475,-2)
(504,245,260.279633,-2)
(503,245,260.279633,-2)
(502,245,260.279633,-2)
(501,245,260.279633,-2)
(500,245,260.279633,-2)
(499,245,260.279633,-2)
(498,245,260.279633,-2)
(497,245,260.279633,-2)
(496,244,267.227600,-2)
(495,244,267.227600,-2)
(494,244,267.227600,-2)
(493,244,267.227600,-2)
(492,244,267.227600,-2)
(492,245,267.227600,-2)
(491,245,267.227600,-2)
(490,245,267.227600,-2)
(489,245,267.227600,-2)
(488,245,267.227600,-2)
(487,245,267.227600,-2)
(486,245,267.227600,-2)
(486,246,267.227600,-2)
(485,246,267.227600,-2)
(484,246,267.227600,-2)
(484,247,267.227600,-2)
(483,247,267.227600,-2)
(482,248,308.419495,-2)
(481,249,311.958191,-2)
(480,250,316.028259,-2)
(479,251,318.664734,-2)
(478,252,321.717010,-2)
(478,253,321.717010,-2)
(477,253,321.717010,-2)
(477,254,321.717010,-2)
(476,255,327.106140,-2)
(476,256,327.106140,-2)
(475,256,327.106140,-2)
(475,257,327.106140,-2)
(474,258,331.062134,-2)
(474,259,331.062134,-2)
(473,260,332.830780,-2)
(473,261,332.830780,-2)
(472,262,334.649536,-2)
(472,263,334.649536,-2)
(472,264,334.649536,-2)
(471,264,334.649536,-2)
(471,265,334.649536,-2)
(471,266,334.649536,-2)
(470,267,337.752533,-2)
(470,268,337.752533,-2)
(469,269,338.896851,-2)
(469,270,338.896851,-2)
(469,271,338.896851,-2)
(468,271,338.896851,-2)
(468,272,338.896851,-2)
(468,273,338.896851,-2)
(468,274,338.896851,-2)
(467,274,338.896851,-2)
(467,275,338.896851,-2)
(467,276,338.896851,-2)
(467,277,338.896851,-2)
(466,277,338.896851,-2)
(466,278,338.896851,-2)
(466,279,338.896851,-2)
(466,280,338.896851,-2)
(465,281,343.014282,-2)
(465,282,343.014282,-2)
(465,283,343.014282,-2)
(464,284,343.738831,-2)
(464,285,343.738831,-2)
(464,286,343.738831,-2)
(464,287,343.738831,-2)
(463,287,343.738831,-2)
(463,288,343.738831,-2)
(463,289,343.738831,-2)
(463,290,343.738831,-2)
(463,291,343.738831,-2)
(462,291,343.738831,-2)
(462,292,343.738831,-2)
(462,293,343.738831,-2)
(462,294,343.738831,-2)
(461,295,345.599091,-2)
(461,296,345.599091,-2)
(461,297,345.599091,-2)
(461,298,345.599091,-2)
(460,299,346.002838,-2)
(460,300,346.002838,-2)
(460,301,346.002838,-2)
(460,302,346.002838,-2)
(459,303,346.290283,-2)
(459,304,346.290283,-2)
(459,305,346.290283,-2)
(459,306,346.290283,-2)
(459,307,346.290283,-2)
(458,307,346.290283,-2)
(458,308,346.290283,-2)
(458,309,346.290283,-2)
(458,310,346.290283,-2)
(458,311,346.290283,-2)
(457,312,346.445648,-2)
(457,313,346.445648,-2)
(457,314,346.445648,-2)
(457,315,346.445648,-2)
(456,316,346.217346,-2)
(456,317,346.217346,-2)
(456,318,346.217346,-2)
(456,319,346.217346,-2)
(455,319,346.217346,-2)
(455,320,346.217346,-2)
(455,321,346.217346,-2)
(455,322,346.217346,-2)
(455,323,346.217346,-2)
(454,323,346.217346,-2)
(454,324,346.217346,-2)
(454,325,346.217346,-2)
(454,326,346.217346,-2)
(454,327,346.217346,-2)
(453,328,346.559082,-2)
(453,329,346.559082,-2)
(453,330,346.559082,-2)
(453,331,346.559082,-2)
(452,332,346.896362,-2)
(452,333,346.896362,-2)
(452,334,346.896362,-2)
(452,335,346.896362,-2)
(451,336,347.265228,-2)
(451,337,347.265228,-2)
(451,338,347.265228,-2)
(451,339,347.265228,-2)
(451,340,347.265228,-2)
(450,340,347.265228,-2)
(450,341,347.265228,-2)
(450,342,347.265228,-2)
(450,343,347.265228,-2)
(450,344,347.265228,-2)
(450,345,347.265228,-2)
(449,346,348.121399,-2)
(449,347,348.121399,-2)
(449,348,348.121399,-2)
(449,349,348.121399,-2)
(449,350,348.121399,-2)
(448,350,348.121399,-2)
(448,351,348.121399,-2)
(448,352,348.121399,-2)
(448,353,348.121399,-2)
(448,354,348.121399,-2)
(448,355,348.121399,-2)
(447,355,348.121399,-2)
(447,356,348.121399,-2)
(447,357,348.121399,-2)
(447,358,348.121399,-2)
(447,359,348.121399,-2)
(447,360,348.121399,-2)
(446,361,349.577820,-2)
(446,362,349.577820,-2)
(446,363,349.577820,-2)
(446,364,349.577820,-2)
(446,365,349.577820,-2)
(445,366,350.151886,-2)
(445,367,350.151886,-2)
(445,368,350.151886,-2)
(445,369,350.151886,-2)
(445,370,350.151886,-2)
(445,371,350.151886,-2)
(444,372,350.886017,-2)
(444,373,350.886017,-2)
(444,374,350.886017,-2)
(444,375,350.886017,-2)
(444,376,350.886017,-2)
(444,377,350.886017,-2)
(444,378,350.886017,-2)
(443,378,350.886017,-2)
(443,379,350.886017,-2)
(443,380,350.886017,-2)
(443,381,350.886017,-2)
(443,382,350.886017,-2)
(443,383,350.886017,-2)
(443,384,350.886017,-2)
(443,385,350.886017,-2)
(442,386,353.123566,-2)
(442,387,353.123566,-2)
(442,388,353.123566,-2)
(442,389,353.123566,-2)
(442,390,353.123566,-2)
(442,391,353.123566,-2)
(442,392,353.123566,-2)
(442,393,353.123566,-2)
(442,394,353.123566,-2)
(442,395,353.123566,-2)
(441,395,353.123566,-2)
(441,396,353.123566,-2)
(441,397,353.123566,-2)
(441,398,353.123566,-2)
(441,399,353.123566,-2)
(441,400,353.123566,-2)
(441,401,353.123566,-2)
(441,402,353.123566,-2)
(441,403,353.123566,-2)
(441,404,353.123566,-2)
(441,405,353.123566,-2)
(441,406,353.123566,-2)
(441,407,353.123566,-2)
(441,408,353.123566,-2)
(441,409,353.123566,-2)
(441,410,353.123566,-2)
(441,411,353.123566,-2)
(441,412,353.123566,-2)
(441,413,353.123566,-2)
(441,414,353.123566,-2)
(441,415,353.123566,-2)
(441,416,353.123566,-2)
(441,417,353.123566,-2)
(441,418,353.123566,-2)
(441,419,353.123566,-2)
(441,420,353.123566,-2)
(441,421,353.123566,-2)
(441,422,353.123566,-2)
(441,423,353.123566,-2)
(441,424,353.123566,-2)
(441,425,353.123566,-2)
(441,426,353.123566,-2)
(441,427,353.123566,-2)
(441,428,353.123566,-2)
(441,429,353.123566,-2)
(441,430,353.123566,-2)
(441,431,353.123566,-2)
(441,432,353.123566,-2)
(441,433,353.123566,-2)
(441,434,353.123566,-2)
(441,435,353.123566,-2)
(442,435,353.123566,-2)
(442,436,353.123566,-2)
(442,437,353.123566,-2)
(442,438,353.123566,-2)
(442,439,353.123566,-2)
(442,440,353.123566,-2)
(442,441,353.123566,-2)
(442,442,353.123566,-2)
(442,443,353.123566,-2)
(442,444,353.123566,-2)
(442,445,353.123566,-2)
(442,446,353.123566,-2)
(442,447,353.123566,-2)
(442,448,353.123566,-2)
(442,449,353.123566,-2)
(443,450,4.716721,-2)
(443,451,4.716721,-2)
(443,452,4.716721,-2)
(443,453,4.716721,-2)
(443,454,4.716721,-2)
(443,455,4.716721,-2)
(443,456,4.716721,-2)
(443,457,4.716721,-2)
(443,458,4.716721,-2)
(443,459,4.716721,-2)
(443,460,4.716721,-2)
(444,461,5.587418,-2)
(444,462,5.587418,-2)
(444,463,5.587418,-2)
(444,464,5.587418,-2)
(444,465,5.587418,-2)
(444,466,5.587418,-2)
(444,467,5.587418,-2)
(444,468,5.587418,-2)
(444,469,5.587418,-2)
(444,470,5.587418,-2)
(445,471,6.303535,-2)
(445,472,6.303535,-2)
(445,473,6.303535,-2)
(445,474,6.303535,-2)
(445,475,6.303535,-2)
(445,476,6.303535,-2)
(445,477,6.303535,-2)
(445,478,6.303535,-2)
(445,479,6.303535,-2)
(446,479,6.303535,-2)
(446,480,6.303535,-2)
(446,481,6.303535,-2)
(446,482,6.303535,-2)
(446,483,6.303535,-2)
(446,484,6.303535,-2)
(446,485,6.303535,-2)
(446,486,6.303535,-2)
(446,487,6.303535,-2)
(447,487,6.303535,-2)
(447,488,6.303535,-2)
(447,489,6.303535,-2)
(447,490,6.303535,-2)
(447,491,6.303535,-2)
(447,492,6.303535,-2)
(447,493,6.303535,-2)
(447,494,6.303535,-2)
(447,495,6.303535,-2)
(448,495,6.303535,-2)
(448,496,6.303535,-2)
(448,497,6.303535,-2)
(448,498,6.303535,-2)
(448,499,6.303535,-2)
(448,500,6.303535,-2)
(448,501,6.303535,-2)
(448,502,6.303535,-2)
(448,503,6.303535,-2)
(449,504,7.616081,-2)
(449,505,7.616081,-2)
(449,506,7.616081,-2)
(449,507,7.616081,-2)
(449,508,7.616081,-2)
(449,509,7.616081,-2)
(449,510,7.616081,-2)
(450,510,7.616081,-2)
(450,511,7.616081,-2)
(450,512,7.616081,-2)
(450,513,7.616081,-2)
(450,514,7.616081,-2)
(450,515,7.616081,-2)
(450,516,7.616081,-2)
(450,517,7.616081,-2)
(451,518,8.946121,-2)
(451,519,8.946121,-2)
(451,520,8.946121,-2)
(451,521,8.946121,-2)
(451,522,8.946121,-2)
(451,523,8.946121,-2)
(452,523,8.946121,-2)
(452,524,8.946121,-2)
(452,525,8.946121,-2)
(452,526,8.946121,-2)
(452,527,8.946121,-2)
(452,528,8.946121,-2)
(452,529,8.946121,-2)
(453,529,8.946121,-2)
(453,530,8.946121,-2)
(453,531,8.946121,-2)
(453,532,8.946121,-2)
(453,533,8.946121,-2)
(453,534,8.946121,-2)
(454,534,8.946121,-2)
(454,535,8.946121,-2)
(454,536,8.946121,-2)
(454,537,8.946121,-2)
(454,538,8.946121,-2)
(455,538,8.946121,-2)
(455,539,8.946121,-2)
(455,540,8.946121,-2)
(455,541,8.946121,-2)
(455,542,8.946121,-2)
(456,543,13.776497,-2)
(456,544,13.776497,-2)
(456,545,13.776497,-2)
(456,546,13.776497,-2)
(456,547,13.776497,-2)
(457,547,13.776497,-2)
(457,548,13.776497,-2)
(457,549,13.776497,-2)
(457,550,13.776497,-2)
(458,550,13.776497,-2)
(458,551,13.776497,-2)
(458,552,13.776497,-2)
(458,553,13.776497,-2)
(459,553,13.776497,-2)
(459,554,13.776497,-2)
(459,555,13.776497,-2)
(459,556,13.776497,-2)
(460,556,13.776497,-2)
(460,557,13.776497,-2)
(460,558,13.776497,-2)
(460,559,13.776497,-2)
(461,559,13.776497,-2)
(461,560,13.776497,-2)
(461,561,13.776497,-2)
(462,562,22.658348,-2)
(462,563,22.658348,-2)
(462,564,22.658348,-2)
(463,564,22.658348,-2)
(463,565,22.658348,-2)
(463,566,22.658348,-2)
(464,566,22.658348,-2)
(464,567,22.658348,-2)
(464,568,22.658348,-2)
(465,569,28.370903,-2)
(465,570,28.370903,-2)
(466,570,28.370903,-2)
(466,571,28.370903,-2)
(467,572,30.541210,-2)
(467,573,30.541210,-2)
(468,573,30.541210,-2)
(468,574,30.541210,-2)
(468,575,30.541210,-2)
(469,575,30.541210,-2)
(469,576,30.541210,-2)
(470,577,33.452740,-2)
(470,578,33.452740,-2)
(471,578,33.452740,-2)
(471,579,33.452740,-2)
(472,580,34.873665,-2)
(473,581,35.302780,-2)
(473,582,35.302780,-2)
(474,582,35.302780,-2)
(474,583,35.302780,-2)
(475,584,36.474644,-2)
(475,585,36.474644,-2)
(476,585,36.474644,-2)
(476,586,36.474644,-2)
(477,587,37.494312,-2)
(478,588,37.804226,-2)
(478,589,37.804226,-2)
(479,589,37.804226,-2)
(479,590,37.804226,-2)
(480,590,37.804226,-2)
(480,591,37.804226,-2)
(481,592,38.996422,-2)
(482,593,39.239784,-2)
(482,594,39.239784,-2)
(483,594,39.239784,-2)
(483,595,39.239784,-2)
(484,595,39.239784,-2)
(484,596,39.239784,-2)
(485,597,40.173248,-2)
(486,598,40.362652,-2)
(487,599,40.601067,-2)
(487,600,40.601067,-2)
(488,600,40.601067,-2)
(489,601,40.980812,-2)
(489,602,40.980812,-2)
(490,602,40.980812,-2)
(490,603,40.980812,-2)
(491,604,41.402328,-2)
(492,604,41.402328,-2)
(492,605,41.402328,-2)
(493,606,41.680305,-2)
(494,607,41.786392,-2)
(495,608,41.915699,-2)
(495,609,41.915699,-2)
(496,609,41.915699,-2)
(497,610,42.108883,-2)
(497,611,42.108883,-2)
(498,611,42.108883,-2)
(498,612,42.108883,-2)
(499,613,42.294235,-2)
(500,613,42.294235,-2)
(500,614,42.294235,-2)
(501,614,42.294235,-2)
(501,615,42.294235,-2)
(502,616,42.413628,-2)
(503,617,42.434387,-2)
(504,618,42.439125,-2)
(505,619,42.430668,-2)
(505,620,42.430668,-2)
(506,620,42.430668,-2)
(507,621,42.371567,-2)
(507,622,42.371567,-2)
(508,622,42.371567,-2)
(508,623,42.371567,-2)
(509,624,42.203224,-2)
(510,624,42.203224,-2)
(510,625,42.203224,-2)
(511,625,42.203224,-2)
(511,626,42.203224,-2)
(512,627,41.870197,-2)
(513,628,41.685104,-2)
(514,629,41.852108,-2)
(515,630,42.260292,-2)
(515,631,42.260292,-2)
(516,631,42.260292,-2)
(517,632,42.895561,-2)
(517,633,42.895561,-2)
(518,633,42.895561,-2)
(518,634,42.895561,-2)
(519,634,42.895561,-2)
(520,635,43.733158,-2)
(520,636,43.733158,-2)
(521,636,43.733158,-2)
(521,637,43.733158,-2)
(522,637,43.733158,-2)
(522,638,43.733158,-2)
(523,639,44.480076,-2)
(524,639,44.480076,-2)
(524,640,44.480076,-2)
(525,641,44.854729,-2)
(526,641,44.854729,-2)
(526,642,44.854729,-2)
(527,643,45.192711,-2)
(528,643,45.192711,-2)
(528,644,45.192711,-2)
(529,644,45.192711,-2)
(529,645,45.192711,-2)
(530,646,45.662468,-2)
(531,646,45.662468,-2)
(531,647,45.662468,-2)
(532,647,45.662468,-2)
(532,648,45.662468,-2)
(533,648,45.662468,-2)
(533,649,45.662468,-2)
(534,650,46.172497,-2)
(535,650,46.172497,-2)
(535,651,46.172497,-2)
(536,651,46.172497,-2)
(536,652,46.172497,-2)
(537,652,46.172497,-2)
(538,653,46.547001,-2)
(538,654,46.547001,-2)
(539,654,46.547001,-2)
(540,655,46.743195,-2)
(540,656,46.743195,-2)
(541,656,46.743195,-2)
(542,657,46.924793,-2)
(543,658,47.022568,-2)
(544,659,47.093246,-2)
(545,659,47.093246,-2)
(545,660,47.093246,-2)
(546,660,47.093246,-2)
(546,661,47.093246,-2)
(547,662,47.333748,-2)
(548,662,47.333748,-2)
(548,663,47.333748,-2)
(549,663,47.333748,-2)
(550,664,47.510471,-2)
(550,665,47.510471,-2)
(551,665,47.510471,-2)
(551,666,47.510471,-2)
(552,666,47.510471,-2)
(553,667,47.687317,-2)
(553,668,47.687317,-2)
(554,668,47.687317,-2)
(555,669,47.799671,-2)
(556,670,47.859612,-2)
(557,670,47.859612,-2)
(557,671,47.859612,-2)
(558,672,47.957569,-2)
(559,672,47.957569,-2)
(559,673,47.957569,-2)
(560,673,47.957569,-2)
(561,674,48.069984,-2)
(561,675,48.069984,-2)
(562,675,48.069984,-2)
(562,676,48.069984,-2)
(563,676,48.069984,-2)
(564,677,48.176697,-2)
(565,678,48.213871,-2)
(566,679,48.239494,-2)
(567,679,48.239494,-2)
(567,680,48.239494,-2)
(568,680,48.239494,-2)
(568,681,48.239494,-2)
(569,681,48.239494,-2)
(570,682,48.326283,-2)
(570,683,48.326283,-2)
(571,683,48.326283,-2)
(571,684,48.326283,-2)
(572,684,48.326283,-2)
(573,685,48.361534,-2)
(574,686,48.366158,-2)
(575,687,48.329956,-2)
(576,688,48.266682,-2)
(578,689,48.213520,-2)
(579,691,48.168194,-2)
(581,692,48.128994,-2)
(582,693,48.094746,-2)
(584,695,48.064533,-2)
(585,696,48.037762,-2)
(587,697,48.013794,-2)
(588,699,47.992344,-2)
(590,700,47.973038,-2)
(591,701,47.955559,-2)
(593,703,47.939728,-2)
(594,704,47.925407,-2)
(596,705,47.912571,-2)
(597,707,47.900757,-2)
(599,708,47.890205,-2)
(600,709,47.880718,-2)
(602,711,47.872208,-2)
(603,712,47.864727,-2)
(605,713,47.858131,-2)
(606,715,47.852478,-2)
(607,716,47.847664,-2)
(609,718,47.843849,-2)
(610,719,47.840965,-2)
(612,720,47.839016,-2)
(613,722,47.838181,-2)
(615,723,47.838455,-2)
(616,724,47.839912,-2)
(618,726,47.842758,-2)
(619,727,47.847294,-2)
(621,728,47.853703,-2)
(622,730,47.862301,-2)
(624,731,47.873878,-2)
(625,732,47.889053,-2)
(627,734,47.908978,-2)
(628,735,47.935566,-2)
(630,736,47.972004,-2)
(631,738,48.024055,-2)
(633,739,48.104298,-2)
(634,740,48.244480,-2)
(635,741,48.244480,-2)
(635,741,48.244480,-2)
(636,742,48.244480,-2)
(637,743,48.244480,-2)
(638,744,48.244480,-2)
(639,745,48.244480,-2)
(640,746,48.244480,-2)
(641,747,48.244480,-2)
(642,748,48.244480,-2)
(643,749,48.244480,-2)
(644,750,48.244480,-2)
(645,751,48.244480,-2)
(646,752,48.244480,-2)
(647,753,48.244480,-2)
(648,754,48.244480,-2)
(649,755,48.244480,-2)
(650,756,48.244480,-2)
(651,757,48.244480,-2)
(652,758,48.244480,-2)
(653,759,48.244480,-2)
(654,760,48.244480,-2)
(655,761,48.244480,-2)
(656,762,48.244480,-2)
(657,763,48.244480,-2)
(658,764,48.244480,-2)
(659,765,48.244480,-2)
(660,766,48.244480,-2)
(661,767,48.244480,-2)
(662,768,48.244480,-2)
(663,769,48.244480,-2)
(664,770,48.244480,-2)
(665,771,48.244480,-2)
(666,772,48.244480,-2)
(667,773,48.244480,-2)
(668,774,48.244480,-2)
(669,775,48.244480,-2)
(670,776,48.244480,-2)
(671,777,48.244480,-2)
(672,778,48.244480,-2)
(673,779,48.244480,-2)
(674,780,48.244480,-2)
(675,781,48.244480,-2)
(676,782,48.244480,-2)
(677,783,48.244480,-2)
(678,784,48.244480,-2)
(679,785,48.244480,-2)
(680,786,48.244480,-2)
(681,787,48.244480,-2)
(682,788,48.244480,-2)
(683,789,48.244480,-2)
(684,790,48.244480,-2)
(685,791,48.244480,-2)
(686,792,48.244480,-2)
(687,793,48.244480,-2)
(688,794,48.244480,-2)
(689,795,48.244480,-2)
(690,796,48.244480,-2)
(691,797,48.244480,-2)
(692,798,48.244480,-2)
(693,799,48.244480,-2)
(694,800,48.244480,-2)
(695,801,48.244480,-2)
(696,802,48.244480,-2)
(697,803,48.244480,-2)
(698,804,48.244480,-2)
(699,805,48.244480,-2)
(700,806,48.244480,-2)
(701,807,48.244480,-2)
(702,808,48.244480,-2)
(703,809,48.244480,-2)
(704,810,48.244480,-2)
(705,811,48.244480,-2)
(706,812,48.244480,-2)
(707,813,48.244480,-2)
(708,814,48.244480,-2)
(709,815,48.244480,-2)
(710,816,48.244480,-2)
(711,817,48.244480,-2)
(712,818,48.244480,-2)
(713,819,48.244480,-2)
(714,820,48.244480,-2)
(715,821,48.244480,-2)
(716,822,48.244480,-2)
(717,823,48.244480,-2)
(718,824,48.244480,-2)
(719,825,48.244480,-2)
(720,826,48.244480,-2)
(721,827,48.244480,-2)
(722,828,48.244480,-2)
(723,829,48.244480,-2)
(724,830,48.244480,-2)
(725,831,48.244480,-2)
(726,832,48.244480,-2)
(727,833,48.244480,-2)
(728,834,48.244480,-2)
(729,835,48.244480,-2)
(730,836,48.244480,-2)
(731,837,48.244480,-2)
(732,838,48.244480,-2)
(733,839,48.244480,-2)
(734,840,48.244480,-2)
(735,841,48.244480,-2)
