18
(1437,714,255.187271,-2)
(1435,713,255.187271,-2)
(1433,712,255.187271,-2)
(1431,711,255.187271,-2)
(1429,710,255.187271,-2)
(1427,709,255.187271,-2)
(1425,708,255.187271,-2)
(1423,707,255.187271,-2)
(1421,706,255.187271,-2)
(1419,705,255.187271,-2)
(1417,704,255.187271,-2)
(1415,703,255.187271,-2)
(1413,702,255.187271,-2)
(1411,701,255.187271,-2)
(1409,700,255.187271,-2)
(1407,699,255.187271,-2)
(1405,698,255.187271,-2)
(1403,697,255.187271,-2)
(1401,696,255.187271,-2)
(1399,695,255.187271,-2)
(1397,694,255.187271,-2)
(1395,693,255.187271,-2)
(1393,692,255.187271,-2)
(1391,691,255.187271,-2)
(1389,690,255.187271,-2)
(1387,689,255.187271,-2)
(1385,688,255.187271,-2)
(1383,687,255.187271,-2)
(1381,686,255.187271,-2)
(1379,685,255.187271,-2)
(1377,684,255.187271,-2)
(1375,683,255.187271,-2)
(1373,682,255.187271,-2)
(1371,681,255.187271,-2)
(1369,680,255.187271,-2)
(1367,679,255.187271,-2)
(1365,678,255.187271,-2)
(1363,677,255.187271,-2)
(1361,676,255.187271,-2)
(1359,675,255.187271,-2)
(1357,674,255.187271,-2)
(1355,673,255.187271,-2)
(1353,672,255.187271,-2)
(1351,671,255.187271,-2)
(1349,670,255.187271,-2)
(1347,669,255.187271,-2)
(1345,668,255.187271,-2)
(1343,667,255.187271,-2)
(1341,666,255.187271,-2)
(1339,665,255.187271,-2)
(1337,664,255.187271,-2)
(1335,663,255.187271,-2)
(1333,662,255.187271,-2)
(1331,661,255.187271,-2)
(1329,660,255.187271,-2)
(1327,659,255.187271,-2)
(1325,658,255.187271,-2)
(1323,657,255.187271,-2)
(1321,656,255.187271,-2)
(1319,655,255.187271,-2)
(1317,654,255.187271,-2)
(1315,653,255.187271,-2)
(1313,652,255.187271,-2)
(1311,651,255.187271,-2)
(1309,650,255.187271,-2)
(1307,649,255.187271,-2)
(1305,648,255.187271,-2)
(1303,647,255.187271,-2)
(1301,646,255.187271,-2)
(1299,645,255.187271,-2)
(1297,644,255.187271,-2)
(1295,643,255.187271,-2)
(1293,642,255.187271,-2)
(1291,641,255.187271,-2)
(1289,640,255.187271,-2)
(1287,639,255.187271,-2)
(1285,638,255.187271,-2)
(1283,637,255.187271,-2)
(1281,636,255.187271,-2)
(1279,635,255.187271,-2)
(1277,634,255.187271,-2)
(1275,633,255.187271,-2)
(1273,632,255.187271,-2)
(1271,631,255.187271,-2)
(1269,630,255.187271,-2)
(1267,629,255.187271,-2)
(1265,628,255.187271,-2)
(1263,627,255.187271,-2)
(1261,626,255.187271,-2)
(1259,625,255.187271,-2)
(1257,624,255.187271,-2)
(1255,623,255.187271,-2)
(1253,622,255.187271,-2)
(1251,621,255.187271,-2)
(1249,620,255.187271,-2)
(1247,619,255.187271,-2)
(1245,618,255.187271,-2)
(1243,617,255.187271,-2)
(1241,616,255.187271,-2)
(1239,615,255.187271,-2)
(1237,614,255.187271,-2)
(1235,613,255.187271,-2)
(1233,612,255.187271,-2)
(1231,612,255.187271,-2)
(1229,611,254.587860,-2)
(1227,611,254.587860,-2)
(1225,610,254.337814,-2)
(1223,610,254.337814,-2)
(1221,609,254.210144,-2)
(1220,609,254.210144,-2)
(1218,608,254.143677,-2)
(1216,608,254.143677,-2)
(1214,607,254.113708,-2)
(1212,607,254.113708,-2)
(1210,606,254.108215,-2)
(1208,605,254.112808,-2)
(1206,605,254.112808,-2)
(1204,604,254.133881,-2)
(1202,604,254.133881,-2)
(1200,603,254.169037,-2)
(1198,603,254.169037,-2)
(1196,602,254.217209,-2)
(1194,602,254.217209,-2)
(1193,601,254.277802,-2)
(1191,601,254.277802,-2)
(1189,600,254.351151,-2)
(1187,599,254.392883,-2)
(1185,599,254.392883,-2)
(1183,598,254.486984,-2)
(1181,598,254.486984,-2)
(1179,597,254.597168,-2)
(1177,597,254.597168,-2)
(1175,596,254.726059,-2)
(1173,596,254.726059,-2)
(1171,595,254.877167,-2)
(1169,595,254.877167,-2)
(1167,594,255.055878,-2)
(1165,594,255.055878,-2)
(1164,593,255.269684,-2)
(1162,593,255.269684,-2)
(1160,592,255.529999,-2)
(1158,592,255.529999,-2)
(1156,591,255.854141,-2)
(1154,591,255.854141,-2)
(1152,590,256.270996,-2)
(1150,590,256.270996,-2)
(1148,589,256.832275,-2)
(1147,589,256.832275,-2)
(1146,589,256.832275,-2)
(1145,589,256.832275,-2)
(1144,588,259.112854,-2)
(1143,588,259.112854,-2)
(1142,588,259.112854,-2)
(1141,588,259.112854,-2)
(1140,588,259.112854,-2)
(1139,588,259.112854,-2)
(1138,587,259.845337,-2)
(1137,587,259.845337,-2)
(1136,587,259.845337,-2)
(1135,587,259.845337,-2)
(1134,587,259.845337,-2)
(1133,586,260.330200,-2)
(1132,586,260.330200,-2)
(1131,586,260.330200,-2)
(1130,586,260.330200,-2)
(1129,586,260.330200,-2)
(1128,586,260.330200,-2)
(1127,585,260.756836,-2)
(1126,585,260.756836,-2)
(1125,585,260.756836,-2)
(1124,585,260.756836,-2)
(1123,585,260.756836,-2)
(1122,585,260.756836,-2)
(1121,585,260.756836,-2)
(1120,584,261.102753,-2)
(1119,584,261.102753,-2)
(1118,584,261.102753,-2)
(1117,584,261.102753,-2)
(1116,584,261.102753,-2)
(1115,584,261.102753,-2)
(1115,583,261.102753,-2)
(1114,583,261.102753,-2)
(1113,583,261.102753,-2)
(1112,583,261.102753,-2)
(1111,583,261.102753,-2)
(1110,583,261.102753,-2)
(1109,583,261.102753,-2)
(1108,583,261.102753,-2)
(1107,582,261.445587,-2)
(1106,582,261.445587,-2)
(1105,582,261.445587,-2)
(1104,582,261.445587,-2)
(1103,582,261.445587,-2)
(1102,582,261.445587,-2)
(1101,582,261.445587,-2)
(1101,581,261.445587,-2)
(1100,581,261.445587,-2)
(1099,581,261.445587,-2)
(1098,581,261.445587,-2)
(1097,581,261.445587,-2)
(1096,581,261.445587,-2)
(1095,581,261.445587,-2)
(1095,580,261.445587,-2)
(1094,580,261.445587,-2)
(1093,580,261.445587,-2)
(1092,580,261.445587,-2)
(1091,580,261.445587,-2)
(1090,580,261.445587,-2)
(1089,580,261.445587,-2)
(1088,580,261.445587,-2)
(1088,579,261.445587,-2)
(1087,579,261.445587,-2)
(1086,579,261.445587,-2)
(1085,579,261.445587,-2)
(1084,579,261.445587,-2)
(1083,579,261.445587,-2)
(1082,579,261.445587,-2)
(1082,578,261.445587,-2)
(1081,578,261.445587,-2)
(1080,578,261.445587,-2)
(1079,578,261.445587,-2)
(1078,578,261.445587,-2)
(1077,578,261.445587,-2)
(1076,578,261.445587,-2)
(1075,577,260.730743,-2)
(1074,577,260.730743,-2)
(1073,577,260.730743,-2)
(1072,577,260.730743,-2)
(1071,577,260.730743,-2)
(1070,577,260.730743,-2)
(1069,576,260.314941,-2)
(1068,576,260.314941,-2)
(1067,576,260.314941,-2)
(1066,576,260.314941,-2)
(1065,576,260.314941,-2)
(1064,576,260.314941,-2)
(1063,575,259.770111,-2)
(1062,575,259.770111,-2)
(1061,575,259.770111,-2)
(1060,575,259.770111,-2)
(1059,575,259.770111,-2)
(1058,575,259.770111,-2)
(1057,574,261.321594,-2)
(1056,574,261.321594,-2)
(1055,574,261.321594,-2)
(1054,574,261.321594,-2)
(1053,574,261.321594,-2)
(1052,574,261.321594,-2)
(1051,573,260.944336,-2)
(1050,573,260.944336,-2)
(1049,573,260.944336,-2)
(1048,573,260.944336,-2)
(1047,573,260.944336,-2)
(1046,573,260.944336,-2)
(1045,573,260.944336,-2)
(1044,572,260.601868,-2)
(1043,572,260.601868,-2)
(1042,572,260.601868,-2)
(1041,572,260.601868,-2)
(1040,572,260.601868,-2)
(1039,572,260.601868,-2)
(1038,571,260.327332,-2)
(1037,571,260.327332,-2)
(1036,571,260.327332,-2)
(1035,571,260.327332,-2)
(1034,571,260.327332,-2)
(1033,571,260.327332,-2)
(1033,570,260.327332,-2)
(1032,570,260.327332,-2)
(1031,570,260.327332,-2)
(1030,570,260.327332,-2)
(1029,570,260.327332,-2)
(1028,570,260.327332,-2)
(1027,569,259.843903,-2)
(1026,569,259.843903,-2)
(1025,569,259.843903,-2)
(1024,569,259.843903,-2)
(1023,569,259.843903,-2)
(1022,569,259.843903,-2)
(1022,568,259.843903,-2)
(1021,568,259.843903,-2)
(1020,568,259.843903,-2)
(1019,568,259.843903,-2)
(1018,568,259.843903,-2)
(1017,568,259.843903,-2)
(1016,567,259.357880,-2)
(1015,567,259.357880,-2)
(1014,567,259.357880,-2)
(1013,567,259.357880,-2)
(1012,567,259.357880,-2)
(1011,566,259.119873,-2)
(1010,566,259.119873,-2)
(1009,566,259.119873,-2)
(1008,566,259.119873,-2)
(1007,566,259.119873,-2)
(1006,565,258.868195,-2)
(1005,565,258.868195,-2)
(1004,565,258.868195,-2)
(1003,565,258.868195,-2)
(1002,565,258.868195,-2)
(1001,565,258.868195,-2)
(1001,564,258.868195,-2)
(1000,564,258.868195,-2)
(999,564,258.868195,-2)
(998,564,258.868195,-2)
(997,564,258.868195,-2)
(996,563,258.326416,-2)
(995,563,258.326416,-2)
(994,563,258.326416,-2)
(993,563,258.326416,-2)
(992,563,258.326416,-2)
(991,562,258.001251,-2)
(990,562,258.001251,-2)
(989,562,258.001251,-2)
(988,562,258.001251,-2)
(987,562,258.001251,-2)
(987,561,258.001251,-2)
(986,561,258.001251,-2)
(985,561,258.001251,-2)
(984,561,258.001251,-2)
(983,561,258.001251,-2)
(982,560,257.312927,-2)
(981,560,257.312927,-2)
(980,560,257.312927,-2)
(979,560,257.312927,-2)
(978,560,257.312927,-2)
(978,559,257.312927,-2)
(977,559,257.312927,-2)
(976,559,257.312927,-2)
(975,559,257.312927,-2)
(974,559,257.312927,-2)
(974,558,257.312927,-2)
(973,558,257.312927,-2)
(972,558,257.312927,-2)
(971,558,257.312927,-2)
(970,558,257.312927,-2)
(969,557,255.867569,-2)
(968,557,255.867569,-2)
(967,557,255.867569,-2)
(966,557,255.867569,-2)
(966,556,255.867569,-2)
(965,556,255.867569,-2)
(964,556,255.867569,-2)
(963,556,255.867569,-2)
(962,556,255.867569,-2)
(962,555,255.867569,-2)
(961,555,255.867569,-2)
(960,555,255.867569,-2)
(959,555,255.867569,-2)
(958,555,255.867569,-2)
(957,554,254.973831,-2)
(956,554,254.973831,-2)
(955,554,254.973831,-2)
(954,553,254.153000,-2)
(953,553,254.153000,-2)
(952,553,254.153000,-2)
(951,553,254.153000,-2)
(950,552,253.231476,-2)
(949,552,253.231476,-2)
(948,552,253.231476,-2)
(947,551,252.569717,-2)
(946,551,252.569717,-2)
(945,551,252.569717,-2)
(944,550,251.969299,-2)
(943,550,251.969299,-2)
(942,550,251.969299,-2)
(941,549,251.425125,-2)
(940,549,251.425125,-2)
(939,549,251.425125,-2)
(938,548,250.933258,-2)
(937,548,250.933258,-2)
(936,548,250.933258,-2)
(936,547,250.933258,-2)
(935,547,250.933258,-2)
(934,547,250.933258,-2)
(933,547,250.933258,-2)
(933,546,250.933258,-2)
(932,546,250.933258,-2)
(931,546,250.933258,-2)
(930,546,250.933258,-2)
(930,545,250.933258,-2)
(929,545,250.933258,-2)
(928,545,250.933258,-2)
(927,544,249.541672,-2)
(926,544,249.541672,-2)
(925,544,249.541672,-2)
(925,543,249.541672,-2)
(924,543,249.541672,-2)
(923,543,249.541672,-2)
(922,543,249.541672,-2)
(922,542,249.541672,-2)
(921,542,249.541672,-2)
(920,542,249.541672,-2)
(919,541,248.877594,-2)
(918,541,248.877594,-2)
(917,541,248.877594,-2)
(916,540,248.695831,-2)
(915,540,248.695831,-2)
(914,539,248.584930,-2)
(913,539,248.584930,-2)
(912,539,248.584930,-2)
(912,538,248.584930,-2)
(911,538,248.584930,-2)
(910,538,248.584930,-2)
(909,538,248.584930,-2)
(909,537,248.584930,-2)
(908,537,248.584930,-2)
(907,537,248.584930,-2)
(906,536,248.372864,-2)
(905,536,248.372864,-2)
(904,536,248.372864,-2)
(904,535,248.372864,-2)
(903,535,248.372864,-2)
(902,535,248.372864,-2)
(901,534,248.385742,-2)
(900,534,248.385742,-2)
(899,534,248.385742,-2)
(898,533,248.453293,-2)
(897,533,248.453293,-2)
(897,532,248.453293,-2)
(896,532,248.453293,-2)
(895,532,248.453293,-2)
(894,532,248.453293,-2)
(894,531,248.453293,-2)
(893,531,248.453293,-2)
(892,531,248.453293,-2)
(891,530,248.820374,-2)
(890,530,248.820374,-2)
(889,530,248.820374,-2)
(888,529,249.074524,-2)
(887,529,249.074524,-2)
(886,528,249.310242,-2)
(885,528,249.310242,-2)
(884,528,249.310242,-2)
(883,527,251.533936,-2)
(882,527,251.533936,-2)
(881,527,251.533936,-2)
(880,526,251.468094,-2)
(879,526,251.468094,-2)
(878,526,251.468094,-2)
(877,525,251.397476,-2)
(876,525,251.397476,-2)
(875,525,251.397476,-2)
(874,524,251.322189,-2)
(873,524,251.322189,-2)
(872,524,251.322189,-2)
(871,523,251.242203,-2)
(870,523,251.242203,-2)
(869,523,251.242203,-2)
(869,522,251.242203,-2)
(868,522,251.242203,-2)
(867,522,251.242203,-2)
(866,522,251.242203,-2)
(866,521,251.242203,-2)
(865,521,251.242203,-2)
(864,521,251.242203,-2)
(863,521,251.242203,-2)
(863,520,251.242203,-2)
(862,520,251.242203,-2)
(861,520,251.242203,-2)
(860,520,251.242203,-2)
(860,519,251.242203,-2)
(859,519,251.242203,-2)
(858,519,251.242203,-2)
(857,519,251.242203,-2)
(857,518,251.242203,-2)
(856,518,251.242203,-2)
(855,518,251.242203,-2)
(854,518,251.242203,-2)
(854,517,251.242203,-2)
(853,517,251.242203,-2)
(852,517,251.242203,-2)
(851,516,250.581543,-2)
(850,516,250.581543,-2)
(849,516,250.581543,-2)
(848,515,250.457870,-2)
(847,515,250.457870,-2)
(846,515,250.457870,-2)
(846,514,250.457870,-2)
(845,514,250.457870,-2)
(844,514,250.457870,-2)
(843,514,250.457870,-2)
(843,513,250.457870,-2)
(842,513,250.457870,-2)
(841,513,250.457870,-2)
(840,513,250.457870,-2)
(840,512,250.457870,-2)
(839,512,250.457870,-2)
(838,512,250.457870,-2)
(837,511,249.935791,-2)
(836,511,249.935791,-2)
(835,511,249.935791,-2)
(835,510,249.935791,-2)
(834,510,249.935791,-2)
(833,510,249.935791,-2)
(832,510,249.935791,-2)
(832,509,249.935791,-2)
(831,509,249.935791,-2)
(830,509,249.935791,-2)
(829,509,249.935791,-2)
(829,508,249.935791,-2)
(828,508,249.935791,-2)
(827,508,249.935791,-2)
(826,507,249.252594,-2)
(825,507,249.252594,-2)
(824,507,249.252594,-2)
(823,506,249.023758,-2)
(822,506,249.023758,-2)
(821,505,248.837219,-2)
(820,505,248.837219,-2)
(819,505,248.837219,-2)
(819,504,248.837219,-2)
(818,504,248.837219,-2)
(817,504,248.837219,-2)
(816,504,248.837219,-2)
(816,503,248.837219,-2)
(815,503,248.837219,-2)
(814,503,248.837219,-2)
(813,502,248.054398,-2)
(812,502,248.054398,-2)
(811,502,248.054398,-2)
(811,501,248.054398,-2)
(810,501,248.054398,-2)
(809,501,248.054398,-2)
(809,500,248.054398,-2)
(808,500,248.054398,-2)
(807,500,248.054398,-2)
(806,499,247.090698,-2)
(805,499,247.090698,-2)
(804,499,247.090698,-2)
(804,498,247.090698,-2)
(803,498,247.090698,-2)
(802,498,247.090698,-2)
(802,497,247.090698,-2)
(801,497,247.090698,-2)
(800,497,247.090698,-2)
(799,497,247.090698,-2)
(799,496,247.090698,-2)
(798,496,247.090698,-2)
(797,496,247.090698,-2)
(796,495,248.666946,-2)
(795,495,248.666946,-2)
(794,495,248.666946,-2)
(794,494,248.666946,-2)
(793,494,248.666946,-2)
(792,494,248.666946,-2)
(791,493,248.508163,-2)
(790,493,248.508163,-2)
(789,493,248.508163,-2)
(788,492,248.346680,-2)
(787,492,248.346680,-2)
(786,491,248.195969,-2)
(785,491,248.195969,-2)
(784,491,248.195969,-2)
(784,490,248.195969,-2)
(783,490,248.195969,-2)
(782,490,248.195969,-2)
(781,489,247.786804,-2)
(780,489,247.786804,-2)
(779,489,247.786804,-2)
(778,488,247.479630,-2)
(777,488,247.479630,-2)
(777,487,247.479630,-2)
(776,487,247.479630,-2)
(775,487,247.479630,-2)
(774,487,247.479630,-2)
(774,486,247.479630,-2)
(773,486,247.479630,-2)
(772,486,247.479630,-2)
(771,485,246.575760,-2)
(770,485,246.575760,-2)
(770,484,246.575760,-2)
(769,484,246.575760,-2)
(768,484,246.575760,-2)
(767,483,245.932571,-2)
(766,483,245.932571,-2)
(765,483,245.932571,-2)
(764,482,245.403549,-2)
(763,482,245.403549,-2)
(763,481,245.403549,-2)
(762,481,245.403549,-2)
(761,481,245.403549,-2)
(760,480,244.582245,-2)
(759,480,244.582245,-2)
(759,479,244.582245,-2)
(758,479,244.582245,-2)
(757,479,244.582245,-2)
(757,478,244.582245,-2)
(756,478,244.582245,-2)
(755,478,244.582245,-2)
(754,477,243.063583,-2)
(753,477,243.063583,-2)
(753,476,243.063583,-2)
(752,476,243.063583,-2)
(751,476,243.063583,-2)
(750,475,241.885361,-2)
(749,475,241.885361,-2)
(749,474,241.885361,-2)
(748,474,241.885361,-2)
(747,474,241.885361,-2)
(747,473,241.885361,-2)
(746,473,241.885361,-2)
(745,472,239.962738,-2)
(744,472,239.962738,-2)
(743,471,239.223740,-2)
(742,471,239.223740,-2)
(742,470,239.223740,-2)
(741,470,239.223740,-2)
(740,469,237.742798,-2)
(739,469,237.742798,-2)
(739,468,237.742798,-2)
(738,468,237.742798,-2)
(737,468,237.742798,-2)
(737,467,237.742798,-2)
(736,467,237.742798,-2)
(735,466,234.738495,-2)
(734,465,234.038300,-2)
(733,465,234.038300,-2)
(733,464,234.038300,-2)
(732,464,234.038300,-2)
(732,463,234.038300,-2)
(731,463,234.038300,-2)
(730,462,230.505325,-2)
(729,461,228.305695,-2)
(728,460,227.793274,-2)
(727,460,227.793274,-2)
(727,459,227.793274,-2)
(726,458,226.967438,-2)
(725,458,226.967438,-2)
(725,457,226.967438,-2)
(724,457,226.967438,-2)
(724,456,226.967438,-2)
(723,455,225.787964,-2)
(722,455,225.787964,-2)
(722,454,225.787964,-2)
(721,454,225.787964,-2)
(721,453,225.787964,-2)
(720,453,225.787964,-2)
(720,452,225.787964,-2)
(719,451,224.395569,-2)
(718,451,224.395569,-2)
(718,450,224.395569,-2)
(717,450,224.395569,-2)
(717,449,224.395569,-2)
(716,449,224.395569,-2)
(716,448,224.395569,-2)
(715,447,223.039734,-2)
(714,447,223.039734,-2)
(714,446,223.039734,-2)
(713,445,222.355286,-2)
(712,444,222.058441,-2)
(711,443,221.658005,-2)
(711,442,221.658005,-2)
(710,442,221.658005,-2)
(709,441,220.941376,-2)
(709,440,220.941376,-2)
(708,440,220.941376,-2)
(708,439,220.941376,-2)
(707,438,219.981659,-2)
(706,437,219.650101,-2)
(705,436,219.197296,-2)
(705,435,219.197296,-2)
(704,435,219.197296,-2)
(704,434,219.197296,-2)
(703,433,218.127136,-2)
(702,432,217.752472,-2)
(701,431,217.236725,-2)
(701,430,217.236725,-2)
(700,430,217.236725,-2)
(700,429,217.236725,-2)
(699,428,216.000275,-2)
(698,427,215.561493,-2)
(698,426,215.561493,-2)
(697,426,215.561493,-2)
(697,425,215.561493,-2)
(696,424,214.150223,-2)
(696,423,214.150223,-2)
(695,423,214.150223,-2)
(695,422,214.150223,-2)
(694,421,212.569489,-2)
(694,420,212.569489,-2)
(693,420,212.569489,-2)
(693,419,212.569489,-2)
(693,418,212.569489,-2)
(692,418,212.569489,-2)
(692,417,212.569489,-2)
(691,416,209.431854,-2)
(691,415,209.431854,-2)
(690,414,208.204376,-2)
(690,413,208.204376,-2)
(689,413,208.204376,-2)
(689,412,208.204376,-2)
(689,411,208.204376,-2)
(688,411,208.204376,-2)
(688,410,208.204376,-2)
(688,409,208.204376,-2)
(687,408,203.048630,-2)
(687,407,203.048630,-2)
(687,406,203.048630,-2)
(686,406,203.048630,-2)
(686,405,203.048630,-2)
(686,404,203.048630,-2)
(686,403,203.048630,-2)
(685,403,203.048630,-2)
(685,402,203.048630,-2)
(685,401,203.048630,-2)
(685,400,203.048630,-2)
(684,399,191.350800,-2)
(684,398,191.350800,-2)
(684,397,191.350800,-2)
(684,396,191.350800,-2)
(684,395,191.350800,-2)
(684,394,191.350800,-2)
(684,393,191.350800,-2)
(684,392,191.350800,-2)
(684,391,191.350800,-2)
(684,390,191.350800,-2)
(684,389,191.350800,-2)
(684,388,191.350800,-2)
(684,387,191.350800,-2)
(684,386,191.350800,-2)
(685,385,170.701859,-2)
(685,384,170.701859,-2)
(685,383,170.701859,-2)
(685,382,170.701859,-2)
(685,381,170.701859,-2)
(685,380,170.701859,-2)
(686,380,170.701859,-2)
(686,379,170.701859,-2)
(686,378,170.701859,-2)
(686,377,170.701859,-2)
(687,376,164.130676,-2)
(687,375,164.130676,-2)
(687,374,164.130676,-2)
(688,373,162.460403,-2)
(688,372,162.460403,-2)
(688,371,162.460403,-2)
(688,370,162.460403,-2)
(689,370,162.460403,-2)
(689,369,162.460403,-2)
(689,368,162.460403,-2)
(689,367,162.460403,-2)
(690,367,162.460403,-2)
(690,366,162.460403,-2)
(690,365,162.460403,-2)
(691,364,158.685150,-2)
(691,363,158.685150,-2)
(691,362,158.685150,-2)
(692,361,157.626068,-2)
(692,360,157.626068,-2)
(693,360,157.626068,-2)
(693,359,157.626068,-2)
(693,358,157.626068,-2)
(694,357,156.321228,-2)
(694,356,156.321228,-2)
(695,355,155.670502,-2)
(695,354,155.670502,-2)
(695,353,155.670502,-2)
(696,353,155.670502,-2)
(696,352,155.670502,-2)
(696,351,155.670502,-2)
(697,350,154.378723,-2)
(697,349,154.378723,-2)
(698,349,154.378723,-2)
(698,348,154.378723,-2)
(698,347,154.378723,-2)
(699,347,154.378723,-2)
(699,346,154.378723,-2)
(699,345,154.378723,-2)
(700,344,152.877258,-2)
(700,343,152.877258,-2)
(701,343,152.877258,-2)
(701,342,152.877258,-2)
(701,341,152.877258,-2)
(702,340,151.987274,-2)
(702,339,151.987274,-2)
(703,339,151.987274,-2)
(703,338,151.987274,-2)
(703,337,151.987274,-2)
(704,337,151.987274,-2)
(704,336,151.987274,-2)
(705,335,150.841339,-2)
(705,334,150.841339,-2)
(706,333,150.470398,-2)
(706,332,150.470398,-2)
(707,332,150.470398,-2)
(707,331,150.470398,-2)
(707,330,150.470398,-2)
(708,330,150.470398,-2)
(708,329,150.470398,-2)
(709,328,149.367218,-2)
(709,327,149.367218,-2)
(710,327,149.367218,-2)
(710,326,149.367218,-2)
(711,325,148.695145,-2)
(711,324,148.695145,-2)
(712,323,148.311417,-2)
(712,322,148.311417,-2)
(713,322,148.311417,-2)
(713,321,148.311417,-2)
(713,320,148.311417,-2)
(714,320,148.311417,-2)
(714,319,148.311417,-2)
(715,318,147.066925,-2)
(715,317,147.066925,-2)
(716,317,147.066925,-2)
(716,316,147.066925,-2)
(717,315,145.400757,-2)
(717,314,145.400757,-2)
(718,314,145.400757,-2)
(718,313,145.400757,-2)
(719,312,143.867920,-2)
(720,311,143.402100,-2)
(720,310,143.402100,-2)
(721,310,143.402100,-2)
(721,309,143.402100,-2)
(722,309,143.402100,-2)
(722,308,143.402100,-2)
(723,307,141.595505,-2)
(724,306,141.218216,-2)
(724,305,141.218216,-2)
(725,305,141.218216,-2)
(725,304,141.218216,-2)
(726,304,141.218216,-2)
(726,303,141.218216,-2)
(727,302,139.723450,-2)
(728,301,139.405457,-2)
(729,300,138.995117,-2)
(729,299,138.995117,-2)
(730,299,138.995117,-2)
(730,298,138.995117,-2)
(731,298,138.995117,-2)
(732,297,137.933868,-2)
(732,296,137.933868,-2)
(733,296,137.933868,-2)
(733,295,137.933868,-2)
(734,295,137.933868,-2)
(734,294,137.933868,-2)
(735,293,136.868286,-2)
(736,293,136.868286,-2)
(736,292,136.868286,-2)
(737,291,136.281296,-2)
(738,290,136.036194,-2)
(739,289,135.714203,-2)
(740,288,135.476349,-2)
(741,287,135.163422,-2)
(742,286,134.931259,-2)
(743,285,134.625015,-2)
(744,284,134.321838,-2)
(745,283,134.096146,-2)
(746,283,134.096146,-2)
(746,282,134.096146,-2)
(747,281,133.573166,-2)
(748,281,133.573166,-2)
(748,280,133.573166,-2)
(749,280,133.573166,-2)
(749,279,133.573166,-2)
(750,278,132.756134,-2)
(751,278,132.756134,-2)
(751,277,132.756134,-2)
(752,277,132.756134,-2)
(753,276,132.083893,-2)
(753,275,132.083893,-2)
(754,275,132.083893,-2)
(754,274,132.083893,-2)
(755,274,132.083893,-2)
(756,273,131.323074,-2)
(757,272,131.012054,-2)
(758,272,131.012054,-2)
(758,271,131.012054,-2)
(759,270,130.455032,-2)
(760,270,130.455032,-2)
(760,269,130.455032,-2)
(761,269,130.455032,-2)
(762,268,129.707321,-2)
(763,267,129.448059,-2)
(764,266,129.092896,-2)
(765,266,129.092896,-2)
(765,265,129.092896,-2)
(766,265,129.092896,-2)
(767,264,128.246094,-2)
(768,263,127.946053,-2)
(769,262,127.529556,-2)
(770,262,127.529556,-2)
(770,261,127.529556,-2)
(771,261,127.529556,-2)
(772,260,126.506767,-2)
(773,260,126.506767,-2)
(773,259,126.506767,-2)
(774,259,126.506767,-2)
(775,258,123.515274,-2)
(776,258,123.515274,-2)
(776,257,123.515274,-2)
(777,257,123.515274,-2)
(778,256,122.669250,-2)
(779,256,122.669250,-2)
(779,255,122.669250,-2)
(780,255,122.669250,-2)
(781,254,121.917137,-2)
(782,254,121.917137,-2)
(782,253,121.917137,-2)
(783,253,121.917137,-2)
(784,252,121.229782,-2)
(785,252,121.229782,-2)
(786,251,120.868813,-2)
(787,251,120.868813,-2)
(787,250,120.868813,-2)
(788,250,120.868813,-2)
(789,250,120.868813,-2)
(789,249,120.868813,-2)
(790,249,120.868813,-2)
(791,248,119.846703,-2)
(792,248,119.846703,-2)
(792,247,119.846703,-2)
(793,247,119.846703,-2)
(794,247,119.846703,-2)
(795,246,119.132286,-2)
(796,246,119.132286,-2)
(796,245,119.132286,-2)
(797,245,119.132286,-2)
(798,244,118.557198,-2)
(799,244,118.557198,-2)
(800,243,118.174194,-2)
(801,243,118.174194,-2)
(802,242,117.853737,-2)
(803,242,117.853737,-2)
(803,241,117.853737,-2)
(804,241,117.853737,-2)
(805,241,117.853737,-2)
(805,240,117.853737,-2)
(806,240,117.853737,-2)
(807,240,117.853737,-2)
(808,239,116.738007,-2)
(809,239,116.738007,-2)
(809,238,116.738007,-2)
(810,238,116.738007,-2)
(811,238,116.738007,-2)
(812,237,115.978264,-2)
(813,237,115.978264,-2)
(813,236,115.978264,-2)
(814,236,115.978264,-2)
(815,236,115.978264,-2)
(816,235,115.171928,-2)
(817,235,115.171928,-2)
(818,234,114.706245,-2)
(819,234,114.706245,-2)
(820,234,114.706245,-2)
(820,233,114.706245,-2)
(821,233,114.706245,-2)
(822,233,114.706245,-2)
(822,232,114.706245,-2)
(823,232,114.706245,-2)
(824,232,114.706245,-2)
(825,231,113.065735,-2)
(826,231,113.065735,-2)
(827,231,113.065735,-2)
(827,230,113.065735,-2)
(828,230,113.065735,-2)
(829,230,113.065735,-2)
(829,229,113.065735,-2)
(830,229,113.065735,-2)
(831,229,113.065735,-2)
(832,228,111.049728,-2)
(833,228,111.049728,-2)
(834,228,111.049728,-2)
(834,227,111.049728,-2)
(835,227,111.049728,-2)
(836,227,111.049728,-2)
(837,227,111.049728,-2)
(837,226,111.049728,-2)
(838,226,111.049728,-2)
(839,226,111.049728,-2)
(840,226,111.049728,-2)
(840,225,111.049728,-2)
(841,225,111.049728,-2)
(842,225,111.049728,-2)
(843,225,111.049728,-2)
(843,224,111.049728,-2)
(844,224,111.049728,-2)
(845,224,111.049728,-2)
(846,224,111.049728,-2)
(847,224,111.049728,-2)
(847,223,111.049728,-2)
(848,223,111.049728,-2)
(849,223,111.049728,-2)
(850,223,111.049728,-2)
(851,223,111.049728,-2)
(852,222,103.188927,-2)
(853,222,103.188927,-2)
(854,222,103.188927,-2)
(855,222,103.188927,-2)
(856,221,102.394020,-2)
(857,221,102.394020,-2)
(858,221,102.394020,-2)
(859,221,102.394020,-2)
(860,221,102.394020,-2)
(861,220,101.361847,-2)
(862,220,101.361847,-2)
(863,220,101.361847,-2)
(864,220,101.361847,-2)
(865,220,101.361847,-2)
(865,219,101.361847,-2)
(866,219,101.361847,-2)
(867,219,101.361847,-2)
(868,219,101.361847,-2)
(869,219,101.361847,-2)
(870,219,101.361847,-2)
(871,219,101.361847,-2)
(871,218,101.361847,-2)
(872,218,101.361847,-2)
(873,218,101.361847,-2)
(874,218,101.361847,-2)
(875,218,101.361847,-2)
(876,218,101.361847,-2)
(877,218,101.361847,-2)
(878,218,101.361847,-2)
(878,217,101.361847,-2)
(879,217,101.361847,-2)
(880,217,101.361847,-2)
(881,217,101.361847,-2)
(882,217,101.361847,-2)
(883,217,101.361847,-2)
(884,217,101.361847,-2)
(885,217,101.361847,-2)
(886,217,101.361847,-2)
(887,217,101.361847,-2)
(888,216,94.633080,-2)
(889,216,94.633080,-2)
(890,216,94.633080,-2)
(891,216,94.633080,-2)
(892,216,94.633080,-2)
(893,216,94.633080,-2)
(894,216,94.633080,-2)
(895,216,94.633080,-2)
(896,216,94.633080,-2)
(897,216,94.633080,-2)
(898,216,94.633080,-2)
(899,216,94.633080,-2)
(900,216,94.633080,-2)
(901,216,94.633080,-2)
(902,216,94.633080,-2)
(903,216,94.633080,-2)
(904,216,94.633080,-2)
(905,216,94.633080,-2)
(906,216,94.633080,-2)
(907,216,94.633080,-2)
(908,216,94.633080,-2)
(909,216,94.633080,-2)
(910,217,83.332993,-2)
(911,217,83.332993,-2)
(912,217,83.332993,-2)
(913,217,83.332993,-2)
(914,217,83.332993,-2)
(915,217,83.332993,-2)
(916,218,77.385468,-2)
(917,218,77.385468,-2)
(918,218,77.385468,-2)
(919,218,77.385468,-2)
(920,219,71.847923,-2)
(921,219,71.847923,-2)
(922,219,71.847923,-2)
(922,220,71.847923,-2)
(923,220,71.847923,-2)
(924,220,71.847923,-2)
(925,221,60.555119,-2)
(926,221,60.555119,-2)
(926,222,60.555119,-2)
(927,222,60.555119,-2)
(928,223,54.224388,-2)
(929,223,54.224388,-2)
(929,224,54.224388,-2)
(930,224,54.224388,-2)
(931,225,48.403805,-2)
(931,226,48.403805,-2)
(932,226,48.403805,-2)
(932,227,48.403805,-2)
(933,227,48.403805,-2)
(933,228,48.403805,-2)
(934,228,48.403805,-2)
(934,229,48.403805,-2)
(935,230,41.025471,-2)
(936,230,41.025471,-2)
(936,231,41.025471,-2)
(937,231,41.025471,-2)
(937,232,41.025471,-2)
(938,233,37.640125,-2)
(938,234,37.640125,-2)
(939,234,37.640125,-2)
(939,235,37.640125,-2)
(940,236,35.116879,-2)
(940,237,35.116879,-2)
(941,237,35.116879,-2)
(941,238,35.116879,-2)
(942,239,32.956951,-2)
(942,240,32.956951,-2)
(943,240,32.956951,-2)
(943,241,32.956951,-2)
(944,242,31.070835,-2)
(944,243,31.070835,-2)
(945,243,31.070835,-2)
(945,244,31.070835,-2)
(945,245,31.070835,-2)
(946,245,31.070835,-2)
(946,246,31.070835,-2)
(947,247,28.369938,-2)
(947,248,28.369938,-2)
(948,249,27.562584,-2)
(948,250,27.562584,-2)
(949,251,26.640816,-2)
(949,252,26.640816,-2)
(950,253,25.906685,-2)
(950,254,25.906685,-2)
(951,255,25.059387,-2)
(951,256,25.059387,-2)
(951,257,25.059387,-2)
(952,257,25.059387,-2)
(952,258,25.059387,-2)
(952,259,25.059387,-2)
(953,260,23.320320,-2)
(953,261,23.320320,-2)
(954,261,23.320320,-2)
(954,262,23.320320,-2)
(954,263,23.320320,-2)
(954,264,23.320320,-2)
(955,264,23.320320,-2)
(955,265,23.320320,-2)
(955,266,23.320320,-2)
(956,267,20.909805,-2)
(956,268,20.909805,-2)
(956,269,20.909805,-2)
(957,270,19.903061,-2)
(957,271,19.903061,-2)
(957,272,19.903061,-2)
(958,272,19.903061,-2)
(958,273,19.903061,-2)
(958,274,19.903061,-2)
(958,275,19.903061,-2)
(959,275,19.903061,-2)
(959,276,19.903061,-2)
(959,277,19.903061,-2)
(959,278,19.903061,-2)
(960,278,19.903061,-2)
(960,279,19.903061,-2)
(960,280,19.903061,-2)
(960,281,19.903061,-2)
(961,281,19.903061,-2)
(961,282,19.903061,-2)
(961,283,19.903061,-2)
(961,284,19.903061,-2)
(961,285,19.903061,-2)
(962,285,19.903061,-2)
(962,286,19.903061,-2)
(962,287,19.903061,-2)
(962,288,19.903061,-2)
(962,289,19.903061,-2)
(963,290,11.783836,-2)
(963,291,11.783836,-2)
(963,292,11.783836,-2)
(963,293,11.783836,-2)
(963,294,11.783836,-2)
(964,295,10.333054,-2)
(964,296,10.333054,-2)
(964,297,10.333054,-2)
(964,298,10.333054,-2)
(964,299,10.333054,-2)
(964,300,10.333054,-2)
(964,301,10.333054,-2)
(965,301,10.333054,-2)
(965,302,10.333054,-2)
(965,303,10.333054,-2)
(965,304,10.333054,-2)
(965,305,10.333054,-2)
(965,306,10.333054,-2)
(965,307,10.333054,-2)
(965,308,10.333054,-2)
(965,309,10.333054,-2)
(965,310,10.333054,-2)
(965,311,10.333054,-2)
(965,312,10.333054,-2)
(965,313,10.333054,-2)
(965,314,10.333054,-2)
(965,315,10.333054,-2)
(965,316,10.333054,-2)
(965,317,10.333054,-2)
(966,317,10.333054,-2)
(966,318,10.333054,-2)
(966,319,10.333054,-2)
(966,320,10.333054,-2)
(966,321,10.333054,-2)
(966,322,10.333054,-2)
(966,323,10.333054,-2)
(965,323,10.333054,-2)
(965,324,10.333054,-2)
(965,325,10.333054,-2)
(965,326,10.333054,-2)
(965,327,10.333054,-2)
(965,328,10.333054,-2)
(965,329,10.333054,-2)
(965,330,10.333054,-2)
(965,331,10.333054,-2)
(965,332,10.333054,-2)
(965,333,10.333054,-2)
(965,334,10.333054,-2)
(965,335,10.333054,-2)
(965,336,10.333054,-2)
(965,337,10.333054,-2)
(965,338,10.333054,-2)
(965,339,10.333054,-2)
(965,340,10.333054,-2)
(965,341,10.333054,-2)
(964,342,354.757111,-2)
(964,343,354.757111,-2)
(964,344,354.757111,-2)
(964,345,354.757111,-2)
(964,346,354.757111,-2)
(964,347,354.757111,-2)
(964,348,354.757111,-2)
(964,349,354.757111,-2)
(964,350,354.757111,-2)
(964,351,354.757111,-2)
(963,351,354.757111,-2)
(963,352,354.757111,-2)
(963,353,354.757111,-2)
(963,354,354.757111,-2)
(963,355,354.757111,-2)
(963,356,354.757111,-2)
(963,357,354.757111,-2)
(963,358,354.757111,-2)
(962,359,350.814484,-2)
(962,360,350.814484,-2)
(962,361,350.814484,-2)
(962,362,350.814484,-2)
(962,363,350.814484,-2)
(962,364,350.814484,-2)
(961,364,350.814484,-2)
(961,365,350.814484,-2)
(961,366,350.814484,-2)
(961,367,350.814484,-2)
(961,368,350.814484,-2)
(960,369,347.805542,-2)
(960,370,347.805542,-2)
(960,371,347.805542,-2)
(960,372,347.805542,-2)
(960,373,347.805542,-2)
(959,373,347.805542,-2)
(959,374,347.805542,-2)
(959,375,347.805542,-2)
(959,376,347.805542,-2)
(959,377,347.805542,-2)
(958,377,347.805542,-2)
(958,378,347.805542,-2)
(958,379,347.805542,-2)
(958,380,347.805542,-2)
(957,380,347.805542,-2)
(957,381,347.805542,-2)
(957,382,347.805542,-2)
(957,383,347.805542,-2)
(956,383,347.805542,-2)
(956,384,347.805542,-2)
(956,385,347.805542,-2)
(956,386,347.805542,-2)
(955,386,347.805542,-2)
(955,387,347.805542,-2)
(955,388,347.805542,-2)
(955,389,347.805542,-2)
(954,389,347.805542,-2)
(954,390,347.805542,-2)
(954,391,347.805542,-2)
(953,392,337.972229,-2)
(953,393,337.972229,-2)
(953,394,337.972229,-2)
(952,394,337.972229,-2)
(952,395,337.972229,-2)
(952,396,337.972229,-2)
(951,397,336.425629,-2)
(951,398,336.425629,-2)
(950,398,336.425629,-2)
(950,399,336.425629,-2)
(950,400,336.425629,-2)
(950,401,336.425629,-2)
(949,401,336.425629,-2)
(949,402,336.425629,-2)
(948,403,334.611969,-2)
(948,404,334.611969,-2)
(948,405,334.611969,-2)
(947,405,334.611969,-2)
(947,406,334.611969,-2)
(947,407,334.611969,-2)
(946,407,334.611969,-2)
(946,408,334.611969,-2)
(945,409,332.950104,-2)
(945,410,332.950104,-2)
(945,411,332.950104,-2)
(944,411,332.950104,-2)
(944,412,332.950104,-2)
(943,413,331.919891,-2)
(943,414,331.919891,-2)
(942,415,331.457825,-2)
(942,416,331.457825,-2)
(941,416,331.457825,-2)
(941,417,331.457825,-2)
(941,418,331.457825,-2)
(940,418,331.457825,-2)
(940,419,331.457825,-2)
(940,420,331.457825,-2)
(939,421,329.889404,-2)
(939,422,329.889404,-2)
(938,422,329.889404,-2)
(938,423,329.889404,-2)
(937,424,329.044922,-2)
(937,425,329.044922,-2)
(936,425,329.044922,-2)
(936,426,329.044922,-2)
(935,427,328.177979,-2)
(935,428,328.177979,-2)
(934,428,328.177979,-2)
(934,429,328.177979,-2)
(933,430,327.276733,-2)
(933,431,327.276733,-2)
(932,431,327.276733,-2)
(932,432,327.276733,-2)
(931,433,326.326904,-2)
(931,434,326.326904,-2)
(930,434,326.326904,-2)
(930,435,326.326904,-2)
(929,436,325.311584,-2)
(929,437,325.311584,-2)
(928,437,325.311584,-2)
(928,438,325.311584,-2)
(927,439,324.208069,-2)
(927,440,324.208069,-2)
(926,440,324.208069,-2)
(926,441,324.208069,-2)
(925,442,322.986572,-2)
(925,443,322.986572,-2)
(924,443,322.986572,-2)
(924,444,322.986572,-2)
(923,445,321.605133,-2)
(922,445,321.605133,-2)
(922,446,321.605133,-2)
(921,447,320.382202,-2)
(920,448,319.781525,-2)
(920,449,319.781525,-2)
(919,449,319.781525,-2)
(919,450,319.781525,-2)
(918,450,319.781525,-2)
(918,451,319.781525,-2)
(917,452,317.459381,-2)
(916,452,317.459381,-2)
(916,453,317.459381,-2)
(915,453,317.459381,-2)
(915,454,317.459381,-2)
(914,454,317.459381,-2)
(914,455,317.459381,-2)
(913,456,315.452148,-2)
(912,456,315.452148,-2)
(912,457,315.452148,-2)
(911,458,314.576385,-2)
(910,458,314.576385,-2)
(910,459,314.576385,-2)
(909,460,313.761536,-2)
(908,460,313.761536,-2)
(908,461,313.761536,-2)
(907,461,313.761536,-2)
(907,462,313.761536,-2)
(906,463,312.577362,-2)
(905,463,312.577362,-2)
(905,464,312.577362,-2)
(904,464,312.577362,-2)
(904,465,312.577362,-2)
(903,465,312.577362,-2)
(902,466,311.382080,-2)
(901,467,311.094604,-2)
(900,468,310.717041,-2)
(899,468,310.717041,-2)
(899,469,310.717041,-2)
(898,469,310.717041,-2)
(897,470,309.886261,-2)
(897,471,309.886261,-2)
(896,471,309.886261,-2)
(895,472,309.251923,-2)
(894,473,308.981934,-2)
(893,473,308.981934,-2)
(893,474,308.981934,-2)
(892,474,308.981934,-2)
(892,475,308.981934,-2)
(891,475,308.981934,-2)
(890,476,307.815674,-2)
(889,477,307.545502,-2)
(888,477,307.545502,-2)
(888,478,307.545502,-2)
(887,478,307.545502,-2)
(886,479,306.726929,-2)
(885,479,306.726929,-2)
(885,480,306.726929,-2)
(884,480,306.726929,-2)
(884,481,306.726929,-2)
(883,481,306.726929,-2)
(882,482,305.507263,-2)
(881,482,305.507263,-2)
(881,483,305.507263,-2)
(880,483,305.507263,-2)
(879,484,304.622986,-2)
(878,485,304.318420,-2)
(877,485,304.318420,-2)
(877,486,304.318420,-2)
(876,486,304.318420,-2)
(875,487,303.368896,-2)
(874,487,303.368896,-2)
(874,488,303.368896,-2)
(873,488,303.368896,-2)
(872,489,302.352844,-2)
(871,489,302.352844,-2)
(871,490,302.352844,-2)
(870,490,302.352844,-2)
(869,490,302.352844,-2)
(868,491,300.992432,-2)
(867,491,300.992432,-2)
(867,492,300.992432,-2)
(866,492,300.992432,-2)
(865,493,299.751709,-2)
(864,493,299.751709,-2)
(864,494,299.751709,-2)
(863,494,299.751709,-2)
(862,494,299.751709,-2)
(861,495,298.024628,-2)
(860,495,298.024628,-2)
(860,496,298.024628,-2)
(859,496,298.024628,-2)
(858,496,298.024628,-2)
(858,497,298.024628,-2)
(857,497,298.024628,-2)
(856,497,298.024628,-2)
(855,498,294.676208,-2)
(854,498,294.676208,-2)
(854,499,294.676208,-2)
(853,499,294.676208,-2)
(852,499,294.676208,-2)
(851,500,296.016327,-2)
(850,500,296.016327,-2)
(850,501,296.016327,-2)
(849,501,296.016327,-2)
(848,501,296.016327,-2)
(847,502,294.457825,-2)
(846,502,294.457825,-2)
(846,503,294.457825,-2)
(845,503,294.457825,-2)
(844,503,294.457825,-2)
(843,503,294.457825,-2)
(843,504,294.457825,-2)
(842,504,294.457825,-2)
(841,504,294.457825,-2)
(840,505,292.144745,-2)
(839,505,292.144745,-2)
(838,506,291.481873,-2)
(837,506,291.481873,-2)
(836,506,291.481873,-2)
(836,507,291.481873,-2)
(835,507,291.481873,-2)
(834,507,291.481873,-2)
(833,507,291.481873,-2)
(833,508,291.481873,-2)
(832,508,291.481873,-2)
(831,508,291.481873,-2)
(830,509,289.317017,-2)
(829,509,289.317017,-2)
(828,509,289.317017,-2)
(827,510,288.532776,-2)
(826,510,288.532776,-2)
(825,510,288.532776,-2)
(824,511,287.759766,-2)
(823,511,287.759766,-2)
(822,511,287.759766,-2)
(821,512,286.991699,-2)
(820,512,286.991699,-2)
(819,512,286.991699,-2)
(818,512,286.991699,-2)
(818,513,286.991699,-2)
(817,513,286.991699,-2)
(816,513,286.991699,-2)
(815,513,286.991699,-2)
(814,514,285.252411,-2)
(813,514,285.252411,-2)
(812,514,285.252411,-2)
(811,514,285.252411,-2)
(810,515,284.260651,-2)
(809,515,284.260651,-2)
(808,515,284.260651,-2)
(807,515,284.260651,-2)
(806,515,284.260651,-2)
(806,516,284.260651,-2)
(805,516,284.260651,-2)
(804,516,284.260651,-2)
(803,516,284.260651,-2)
(802,516,284.260651,-2)
(801,517,281.833862,-2)
(800,517,281.833862,-2)
(799,517,281.833862,-2)
(798,517,281.833862,-2)
(797,517,281.833862,-2)
(797,518,281.833862,-2)
(796,518,281.833862,-2)
(795,518,281.833862,-2)
(794,518,281.833862,-2)
(793,518,281.833862,-2)
(792,518,281.833862,-2)
(791,518,281.833862,-2)
(790,519,278.383484,-2)
(789,519,278.383484,-2)
(788,519,278.383484,-2)
(787,519,278.383484,-2)
(786,519,278.383484,-2)
(785,519,278.383484,-2)
(784,519,278.383484,-2)
(783,519,278.383484,-2)
(782,520,275.327759,-2)
(781,520,275.327759,-2)
(780,520,275.327759,-2)
(779,520,275.327759,-2)
(778,520,275.327759,-2)
(777,520,275.327759,-2)
(776,520,275.327759,-2)
(775,520,275.327759,-2)
(774,520,275.327759,-2)
(773,520,275.327759,-2)
(772,520,275.327759,-2)
(771,520,275.327759,-2)
(770,520,275.327759,-2)
(769,520,275.327759,-2)
(768,520,275.327759,-2)
(767,520,275.327759,-2)
(766,520,275.327759,-2)
(765,520,275.327759,-2)
(764,520,275.327759,-2)
(763,520,275.327759,-2)
(762,520,275.327759,-2)
(761,520,275.327759,-2)
(760,520,275.327759,-2)
(759,520,275.327759,-2)
(758,520,275.327759,-2)
(757,520,275.327759,-2)
(756,519,265.468201,-2)
(755,519,265.468201,-2)
(754,519,265.468201,-2)
(753,519,265.468201,-2)
(752,519,265.468201,-2)
(751,519,265.468201,-2)
(750,519,265.468201,-2)
(749,519,265.468201,-2)
(748,519,265.468201,-2)
(747,519,265.468201,-2)
(746,518,263.528015,-2)
(745,518,263.528015,-2)
(744,518,263.528015,-2)
(743,518,263.528015,-2)
(742,518,263.528015,-2)
(741,518,263.528015,-2)
(740,518,263.528015,-2)
(739,518,263.528015,-2)
(738,517,262.301208,-2)
(737,517,262.301208,-2)
(736,517,262.301208,-2)
(735,517,262.301208,-2)
(734,517,262.301208,-2)
(733,517,262.301208,-2)
(732,517,262.301208,-2)
(731,516,261.353821,-2)
(730,516,261.353821,-2)
(729,516,261.353821,-2)
(728,516,261.353821,-2)
(727,516,261.353821,-2)
(726,516,261.353821,-2)
(725,516,261.353821,-2)
(725,515,261.353821,-2)
(724,515,261.353821,-2)
(723,515,261.353821,-2)
(722,515,261.353821,-2)
(721,515,261.353821,-2)
(720,515,261.353821,-2)
(719,515,261.353821,-2)
(719,514,261.353821,-2)
(718,514,261.353821,-2)
(717,514,261.353821,-2)
(716,514,261.353821,-2)
(715,514,261.353821,-2)
(714,514,261.353821,-2)
(713,513,259.349731,-2)
(712,513,259.349731,-2)
(711,513,259.349731,-2)
(710,513,259.349731,-2)
(709,513,259.349731,-2)
(708,512,258.815796,-2)
(707,512,258.815796,-2)
(706,512,258.815796,-2)
(705,512,258.815796,-2)
(704,512,258.815796,-2)
(704,511,258.815796,-2)
(703,511,258.815796,-2)
(702,511,258.815796,-2)
(701,511,258.815796,-2)
(700,511,258.815796,-2)
(699,511,258.815796,-2)
(699,510,258.815796,-2)
(698,510,258.815796,-2)
(697,510,258.815796,-2)
(696,510,258.815796,-2)
(695,510,258.815796,-2)
(694,509,257.288574,-2)
(693,509,257.288574,-2)
(692,509,257.288574,-2)
(691,509,257.288574,-2)
(690,509,257.288574,-2)
(690,508,257.288574,-2)
(689,508,257.288574,-2)
(688,508,257.288574,-2)
(687,508,257.288574,-2)
(686,508,257.288574,-2)
(686,507,257.288574,-2)
(685,507,257.288574,-2)
(684,507,257.288574,-2)
(683,507,257.288574,-2)
(682,507,257.288574,-2)
(681,506,254.928665,-2)
(680,506,254.928665,-2)
(679,506,254.928665,-2)
(678,505,254.339981,-2)
(677,505,254.339981,-2)
(676,505,254.339981,-2)
(675,505,254.339981,-2)
(674,504,253.707153,-2)
(673,504,253.707153,-2)
(672,504,253.707153,-2)
(671,503,253.268661,-2)
(670,503,253.268661,-2)
(669,503,253.268661,-2)
(668,503,253.268661,-2)
(668,502,253.268661,-2)
(667,502,253.268661,-2)
(666,502,253.268661,-2)
(665,502,253.268661,-2)
(665,501,253.268661,-2)
(664,501,253.268661,-2)
(663,501,253.268661,-2)
(662,501,253.268661,-2)
(661,500,252.162689,-2)
(660,500,252.162689,-2)
(659,500,252.162689,-2)
(658,499,251.900513,-2)
(657,499,251.900513,-2)
(656,499,251.900513,-2)
(656,498,251.900513,-2)
(655,498,251.900513,-2)
(654,498,251.900513,-2)
(653,498,251.900513,-2)
(653,497,251.900513,-2)
(652,497,251.900513,-2)
(651,497,251.900513,-2)
(650,497,251.900513,-2)
(650,496,251.900513,-2)
(649,496,251.900513,-2)
(648,496,251.900513,-2)
(647,496,251.900513,-2)
(647,495,251.900513,-2)
(646,495,251.900513,-2)
(645,495,251.900513,-2)
(644,495,251.900513,-2)
(644,494,251.900513,-2)
(643,494,251.900513,-2)
(642,494,251.900513,-2)
(641,494,251.900513,-2)
(641,493,251.900513,-2)
(640,493,251.900513,-2)
(639,493,251.900513,-2)
(638,493,251.900513,-2)
(638,492,251.900513,-2)
(637,492,251.900513,-2)
(636,492,251.900513,-2)
(635,491,250.759521,-2)
(634,491,250.759521,-2)
(633,491,250.759521,-2)
(632,490,250.707809,-2)
(631,490,250.707809,-2)
(630,490,250.707809,-2)
(629,489,250.678864,-2)
(628,489,250.678864,-2)
(627,489,250.678864,-2)
(627,488,250.678864,-2)
(626,488,250.678864,-2)
(625,488,250.678864,-2)
(624,488,250.678864,-2)
(624,487,250.678864,-2)
(623,487,250.678864,-2)
(622,487,250.678864,-2)
(621,487,250.678864,-2)
(621,486,250.678864,-2)
(620,486,250.678864,-2)
(619,486,250.678864,-2)
(618,486,250.678864,-2)
(618,485,250.678864,-2)
(617,485,250.678864,-2)
(616,485,250.678864,-2)
(615,484,250.888733,-2)
(614,484,250.888733,-2)
(613,484,250.888733,-2)
(612,483,251.028595,-2)
(611,483,251.028595,-2)
(610,483,251.028595,-2)
(609,482,251.214569,-2)
(608,482,251.214569,-2)
(607,482,251.214569,-2)
(606,481,251.456879,-2)
(605,481,251.456879,-2)
(604,481,251.456879,-2)
(603,480,251.330780,-2)
(602,480,251.330780,-2)
(601,480,251.330780,-2)
(600,479,250.907181,-2)
(599,479,250.907181,-2)
(598,479,250.907181,-2)
(597,478,250.533768,-2)
(596,478,250.533768,-2)
(595,478,250.533768,-2)
(594,477,250.202087,-2)
(593,477,250.202087,-2)
(592,476,249.976715,-2)
(591,476,249.976715,-2)
(590,476,249.976715,-2)
(589,476,249.976715,-2)
(589,475,249.976715,-2)
(588,475,249.976715,-2)
(587,475,249.976715,-2)
(586,474,249.486359,-2)
(585,474,249.486359,-2)
(584,474,249.486359,-2)
(583,473,249.260544,-2)
(582,473,249.260544,-2)
(581,472,249.105438,-2)
(580,472,249.105438,-2)
(579,472,249.105438,-2)
(579,471,249.105438,-2)
(578,471,249.105438,-2)
(577,471,249.105438,-2)
(576,471,249.105438,-2)
(576,470,249.105438,-2)
(575,470,249.105438,-2)
(574,470,249.105438,-2)
(573,469,248.641586,-2)
(572,469,248.641586,-2)
(571,469,248.641586,-2)
(571,468,248.641586,-2)
(570,468,248.641586,-2)
(569,468,248.641586,-2)
(569,467,248.641586,-2)
(568,467,248.641586,-2)
(567,467,248.641586,-2)
(566,467,248.641586,-2)
(566,466,248.641586,-2)
(565,466,248.641586,-2)
(564,466,248.641586,-2)
(563,465,248.194443,-2)
(562,465,248.194443,-2)
(561,465,248.194443,-2)
(561,464,248.194443,-2)
(560,464,248.194443,-2)
(559,464,248.194443,-2)
(558,463,248.029190,-2)
(557,463,248.029190,-2)
(556,463,248.029190,-2)
(555,462,247.942444,-2)
(554,462,247.942444,-2)
(554,461,247.942444,-2)
(553,461,247.942444,-2)
(552,461,247.942444,-2)
(551,461,247.942444,-2)
(551,460,247.942444,-2)
(550,460,247.942444,-2)
(549,460,247.942444,-2)
(548,459,247.781235,-2)
(547,459,247.781235,-2)
(546,458,247.743805,-2)
(545,458,247.743805,-2)
(544,458,247.743805,-2)
(544,457,247.743805,-2)
(543,457,247.743805,-2)
(542,457,247.743805,-2)
(541,456,247.686829,-2)
(540,456,247.686829,-2)
(539,456,247.686829,-2)
(538,455,247.669708,-2)
(537,455,247.669708,-2)
(536,454,247.667038,-2)
(535,454,247.667038,-2)
(534,454,247.667038,-2)
(534,453,247.667038,-2)
(533,453,247.667038,-2)
(532,453,247.667038,-2)
(531,452,247.696167,-2)
(530,452,247.696167,-2)
(529,452,247.696167,-2)
(529,451,247.696167,-2)
(528,451,247.696167,-2)
(527,451,247.696167,-2)
(527,450,247.696167,-2)
(526,450,247.696167,-2)
(525,450,247.696167,-2)
(524,449,247.451584,-2)
(523,449,247.451584,-2)
(522,449,247.451584,-2)
(522,448,247.451584,-2)
(521,448,247.451584,-2)
(520,448,247.451584,-2)
(519,447,247.137482,-2)
(518,447,247.137482,-2)
(517,447,247.137482,-2)
(517,446,247.137482,-2)
(516,446,247.137482,-2)
(515,446,247.137482,-2)
(514,445,246.866074,-2)
(513,445,246.866074,-2)
(512,444,246.781631,-2)
(511,444,246.781631,-2)
(510,444,246.781631,-2)
(509,443,246.658264,-2)
(508,443,246.658264,-2)
(508,442,246.658264,-2)
(507,442,246.658264,-2)
(506,442,246.658264,-2)
(505,441,246.507584,-2)
(504,441,246.507584,-2)
(503,440,246.433472,-2)
(502,440,246.433472,-2)
(501,440,246.433472,-2)
(501,439,246.433472,-2)
(500,439,246.433472,-2)
(499,439,246.433472,-2)
(498,438,246.288849,-2)
(497,438,246.288849,-2)
(496,437,246.228561,-2)
(495,437,246.228561,-2)
(494,437,246.228561,-2)
(494,436,246.228561,-2)
(493,436,246.228561,-2)
(492,436,246.228561,-2)
(491,435,246.109879,-2)
(490,435,246.109879,-2)
(490,434,246.109879,-2)
(489,434,246.109879,-2)
(488,434,246.109879,-2)
(487,434,246.109879,-2)
(487,433,246.109879,-2)
(486,433,246.109879,-2)
(485,433,246.109879,-2)
(484,432,245.961121,-2)
(483,432,245.961121,-2)
(483,431,245.961121,-2)
(482,431,245.961121,-2)
(481,431,245.961121,-2)
(480,430,245.886292,-2)
(479,430,245.886292,-2)
(478,429,245.848541,-2)
(477,429,245.848541,-2)
(476,429,245.848541,-2)
(476,428,245.848541,-2)
(475,428,245.848541,-2)
(474,428,245.848541,-2)
(473,427,245.773895,-2)
(472,427,245.773895,-2)
(472,426,245.773895,-2)
(471,426,245.773895,-2)
(470,426,245.773895,-2)
(469,425,245.717636,-2)
(468,425,245.717636,-2)
(467,424,245.689621,-2)
(466,424,245.689621,-2)
(465,424,245.689621,-2)
(465,423,245.689621,-2)
(464,423,245.689621,-2)
(463,423,245.689621,-2)
(463,422,245.689621,-2)
(462,422,245.689621,-2)
(461,422,245.689621,-2)
(460,421,245.613419,-2)
(459,421,245.613419,-2)
(458,420,245.596741,-2)
(457,420,245.596741,-2)
(456,419,245.578506,-2)
(455,419,245.578506,-2)
(454,419,245.578506,-2)
(454,418,245.578506,-2)
(453,418,245.578506,-2)
(452,418,245.578506,-2)
(452,417,245.578506,-2)
(451,417,245.578506,-2)
(450,417,245.578506,-2)
(449,416,244.036072,-2)
(448,416,244.036072,-2)
(448,415,244.036072,-2)
(447,415,244.036072,-2)
(446,415,244.036072,-2)
(445,414,243.594635,-2)
(444,414,243.594635,-2)
(444,413,243.594635,-2)
(443,413,243.594635,-2)
(442,413,243.594635,-2)
(442,412,243.594635,-2)
(441,412,243.594635,-2)
(440,412,243.594635,-2)
(439,411,243.070480,-2)
(438,411,243.070480,-2)
(438,410,243.070480,-2)
(437,410,243.070480,-2)
(436,410,243.070480,-2)
(435,409,242.806412,-2)
(434,409,242.806412,-2)
(434,408,242.806412,-2)
(433,408,242.806412,-2)
(432,408,242.806412,-2)
(432,407,242.806412,-2)
(431,407,242.806412,-2)
(430,407,242.806412,-2)
(429,406,242.484497,-2)
(428,406,242.484497,-2)
(428,405,242.484497,-2)
(427,405,242.484497,-2)
(426,404,242.348633,-2)
(425,404,242.348633,-2)
(424,404,242.348633,-2)
(424,403,242.348633,-2)
(423,403,242.348633,-2)
(422,402,242.210129,-2)
(421,402,242.210129,-2)
(421,401,242.210129,-2)
(420,401,242.210129,-2)
(419,401,242.210129,-2)
(418,400,242.098755,-2)
(417,400,242.098755,-2)
(417,399,242.098755,-2)
(416,399,242.098755,-2)
(415,399,242.098755,-2)
(415,398,242.098755,-2)
(414,398,242.098755,-2)
(413,398,242.098755,-2)
(412,397,241.975281,-2)
(411,397,241.975281,-2)
(411,396,241.975281,-2)
(410,396,241.975281,-2)
(409,395,241.932617,-2)
(408,395,241.932617,-2)
(407,395,241.932617,-2)
(407,394,241.932617,-2)
(406,394,241.932617,-2)
(405,393,241.901810,-2)
(404,393,241.901810,-2)
(404,392,241.901810,-2)
(403,392,241.901810,-2)
(402,392,241.901810,-2)
(401,391,241.895248,-2)
(400,391,241.895248,-2)
(400,390,241.895248,-2)
(399,390,241.895248,-2)
(398,390,241.895248,-2)
(398,389,241.895248,-2)
(397,389,241.895248,-2)
(396,388,241.928818,-2)
(395,388,241.928818,-2)
(394,388,241.928818,-2)
(394,387,241.928818,-2)
(393,387,241.928818,-2)
(392,386,241.989578,-2)
(391,386,241.989578,-2)
(390,385,242.028961,-2)
(389,385,242.028961,-2)
(388,384,242.087341,-2)
(387,384,242.087341,-2)
(387,383,242.087341,-2)
(386,383,242.087341,-2)
(385,383,242.087341,-2)
(384,382,242.231491,-2)
(383,382,242.231491,-2)
(383,381,242.231491,-2)
(382,381,242.231491,-2)
(381,381,242.231491,-2)
(381,380,242.231491,-2)
(380,380,242.231491,-2)
(379,380,242.231491,-2)
(378,379,244.570984,-2)
(377,379,244.570984,-2)
(377,378,244.570984,-2)
(376,378,244.570984,-2)
(375,378,244.570984,-2)
(374,377,244.533905,-2)
(373,377,244.533905,-2)
(372,376,244.486465,-2)
(371,376,244.486465,-2)
(370,375,244.433960,-2)
(369,375,244.433960,-2)
(368,374,244.356201,-2)
(367,374,244.356201,-2)
(366,374,244.356201,-2)
(366,373,244.356201,-2)
(365,373,244.356201,-2)
(364,373,244.356201,-2)
(364,372,244.356201,-2)
(363,372,244.356201,-2)
(362,371,244.058197,-2)
(361,371,244.058197,-2)
(360,371,244.058197,-2)
(360,370,244.058197,-2)
(359,370,244.058197,-2)
(358,370,244.058197,-2)
(357,369,243.756729,-2)
(356,369,243.756729,-2)
(356,368,243.756729,-2)
(355,368,243.756729,-2)
(354,368,243.756729,-2)
(353,367,243.452530,-2)
(352,367,243.452530,-2)
(352,366,243.452530,-2)
(351,366,243.452530,-2)
(350,366,243.452530,-2)
(350,365,243.452530,-2)
(349,365,243.452530,-2)
(348,365,243.452530,-2)
(347,364,242.889923,-2)
(346,364,242.889923,-2)
(346,363,242.889923,-2)
(345,363,242.889923,-2)
(344,362,242.542755,-2)
(343,362,242.542755,-2)
(342,362,242.542755,-2)
(342,361,242.542755,-2)
(341,361,242.542755,-2)
(340,360,242.066864,-2)
(339,360,242.066864,-2)
(338,359,241.829956,-2)
(337,359,241.829956,-2)
(336,358,241.527161,-2)
(335,358,241.527161,-2)
(335,357,241.527161,-2)
(334,357,241.527161,-2)
(333,357,241.527161,-2)
(333,356,241.527161,-2)
(332,356,241.527161,-2)
(331,355,240.670349,-2)
(330,355,240.670349,-2)
(329,354,240.348770,-2)
(328,354,240.348770,-2)
(328,353,240.348770,-2)
(327,353,240.348770,-2)
(326,353,240.348770,-2)
(326,352,240.348770,-2)
(325,352,240.348770,-2)
(324,351,239.252808,-2)
(323,351,239.252808,-2)
(322,350,238.836624,-2)
(321,350,238.836624,-2)
(321,349,238.836624,-2)
(320,349,238.836624,-2)
(319,349,238.836624,-2)
(319,348,238.836624,-2)
(318,348,238.836624,-2)
(317,347,237.395462,-2)
(316,347,237.395462,-2)
(316,346,237.395462,-2)
(315,346,237.395462,-2)
(314,345,236.358734,-2)
(313,345,236.358734,-2)
(313,344,236.358734,-2)
(312,344,236.358734,-2)
(311,343,235.154068,-2)
(310,343,235.154068,-2)
(310,342,235.154068,-2)
(309,342,235.154068,-2)
(308,341,232.739197,-2)
(307,340,231.841965,-2)
(306,339,230.771820,-2)
(305,339,230.771820,-2)
(305,338,230.771820,-2)
(304,338,230.771820,-2)
(303,337,228.797775,-2)
(303,336,228.797775,-2)
(302,336,228.797775,-2)
(301,335,227.593018,-2)
(300,334,227.149017,-2)
(299,333,226.615784,-2)
(298,332,226.256241,-2)
(297,331,225.825806,-2)
(296,330,225.537018,-2)
(295,329,225.193634,-2)
(294,329,225.193634,-2)
(294,328,225.193634,-2)
(293,327,224.697189,-2)
(292,327,224.697189,-2)
(292,326,224.697189,-2)
(291,325,224.320129,-2)
(290,325,224.320129,-2)
(290,324,224.320129,-2)
(289,323,224.050247,-2)
(289,322,224.050247,-2)
(288,322,224.050247,-2)
(287,321,223.878647,-2)
(287,320,223.878647,-2)
(286,320,223.878647,-2)
(285,319,223.799240,-2)
(285,318,223.799240,-2)
(284,318,223.799240,-2)
(284,317,223.799240,-2)
(283,317,223.799240,-2)
(282,316,223.851837,-2)
(282,315,223.851837,-2)
(281,315,223.851837,-2)
(280,314,223.996094,-2)
(280,313,223.996094,-2)
(279,313,223.996094,-2)
(279,312,223.996094,-2)
(278,312,223.996094,-2)
(277,311,224.399414,-2)
(277,310,224.399414,-2)
(276,310,224.399414,-2)
(276,309,224.399414,-2)
(275,309,224.399414,-2)
(275,308,224.399414,-2)
(274,308,224.399414,-2)
(273,307,225.245514,-2)
(273,306,225.245514,-2)
(272,306,225.245514,-2)
(272,305,225.245514,-2)
(271,305,225.245514,-2)
(271,304,225.245514,-2)
(270,304,225.245514,-2)
(269,303,226.518341,-2)
(269,302,226.518341,-2)
(268,302,226.518341,-2)
(268,301,226.518341,-2)
(267,301,226.518341,-2)
(266,300,227.742188,-2)
(265,299,228.318573,-2)
(264,298,228.787354,-2)
(263,298,228.787354,-2)
(263,297,228.787354,-2)
(262,297,228.787354,-2)
(262,296,228.787354,-2)
(261,296,228.787354,-2)
(260,295,231.241394,-2)
(259,294,231.921646,-2)
(258,294,231.921646,-2)
(258,293,231.921646,-2)
(257,293,231.921646,-2)
(257,292,231.921646,-2)
(256,292,231.921646,-2)
(255,291,235.509613,-2)
(254,291,235.509613,-2)
(254,290,235.509613,-2)
(253,290,235.509613,-2)
(252,289,238.774017,-2)
(251,289,238.774017,-2)
(250,288,240.949509,-2)
(249,288,240.949509,-2)
(249,287,240.949509,-2)
(248,287,240.949509,-2)
(247,287,240.949509,-2)
(247,286,240.949509,-2)
(246,286,240.949509,-2)
(245,286,240.949509,-2)
(244,285,247.687531,-2)
(243,285,247.687531,-2)
(242,285,247.687531,-2)
(242,284,247.687531,-2)
(241,284,247.687531,-2)
(240,284,247.687531,-2)
(239,284,247.687531,-2)
(239,283,247.687531,-2)
(238,283,247.687531,-2)
(237,283,247.687531,-2)
(236,283,247.687531,-2)
(236,282,247.687531,-2)
(235,282,247.687531,-2)
(234,282,247.687531,-2)
(233,282,247.687531,-2)
(233,281,247.687531,-2)
(232,281,247.687531,-2)
(231,281,247.687531,-2)
(230,281,247.687531,-2)
(229,281,247.687531,-2)
(229,280,247.687531,-2)
(228,280,247.687531,-2)
(227,280,247.687531,-2)
(226,280,247.687531,-2)
(225,280,247.687531,-2)
(224,279,257.563751,-2)
(223,279,257.563751,-2)
(222,279,257.563751,-2)
(221,279,257.563751,-2)
(220,279,257.563751,-2)
(219,278,259.103455,-2)
(218,278,259.103455,-2)
(217,278,259.103455,-2)
(216,278,259.103455,-2)
(215,278,259.103455,-2)
(215,277,259.103455,-2)
(214,277,259.103455,-2)
(213,277,259.103455,-2)
(212,277,259.103455,-2)
(211,277,259.103455,-2)
(210,277,259.103455,-2)
(209,277,259.103455,-2)
(208,276,261.772095,-2)
(207,276,261.772095,-2)
(206,276,261.772095,-2)
(205,276,261.772095,-2)
(204,276,261.772095,-2)
(203,276,261.772095,-2)
(202,276,261.772095,-2)
(201,276,261.772095,-2)
(200,275,263.293640,-2)
(199,275,263.293640,-2)
(198,275,263.293640,-2)
(197,275,263.293640,-2)
(196,275,263.293640,-2)
(195,275,263.293640,-2)
(194,275,263.293640,-2)
(193,275,263.293640,-2)
(192,275,263.293640,-2)
(191,275,263.293640,-2)
(190,274,264.884277,-2)
(189,274,264.884277,-2)
(188,274,264.884277,-2)
(187,274,264.884277,-2)
(186,274,264.884277,-2)
(185,274,264.884277,-2)
(184,274,264.884277,-2)
(183,274,264.884277,-2)
(182,274,264.884277,-2)
(181,274,264.884277,-2)
(180,274,264.884277,-2)
(179,274,264.884277,-2)
(178,274,264.884277,-2)
(178,273,264.884277,-2)
(177,273,264.884277,-2)
(176,273,264.884277,-2)
(175,273,264.884277,-2)
(174,273,264.884277,-2)
(173,273,264.884277,-2)
(172,273,264.884277,-2)
(171,273,264.884277,-2)
(170,273,264.884277,-2)
(169,273,264.884277,-2)
(168,273,264.884277,-2)
(167,273,264.884277,-2)
(166,273,264.884277,-2)
(165,273,264.884277,-2)
(164,273,264.884277,-2)
(163,273,264.884277,-2)
(162,273,264.884277,-2)
(161,273,264.884277,-2)
(160,273,264.884277,-2)
(159,273,264.884277,-2)
(158,273,264.884277,-2)
(157,273,264.884277,-2)
(156,273,264.884277,-2)
(155,273,264.884277,-2)
(154,273,264.884277,-2)
(154,272,264.884277,-2)
(153,272,264.884277,-2)
(152,272,264.884277,-2)
(151,272,264.884277,-2)
(150,272,264.884277,-2)
(149,272,264.884277,-2)
(148,272,264.884277,-2)
(147,272,264.884277,-2)
(146,272,264.884277,-2)
(145,272,264.884277,-2)
(144,272,264.884277,-2)
(143,272,264.884277,-2)
(142,272,264.884277,-2)
(141,272,264.884277,-2)
(140,272,264.884277,-2)
(139,272,264.884277,-2)
(138,272,264.884277,-2)
(137,272,264.884277,-2)
(136,272,264.884277,-2)
(135,272,264.884277,-2)
(134,272,264.884277,-2)
(133,272,264.884277,-2)
(132,272,264.884277,-2)
(131,272,264.884277,-2)
(130,272,264.884277,-2)
(129,272,264.884277,-2)
(128,272,264.884277,-2)
(127,272,264.884277,-2)
(126,272,264.884277,-2)
(125,272,264.884277,-2)
(124,272,264.884277,-2)
(123,272,264.884277,-2)
(123,273,264.884277,-2)
(122,273,264.884277,-2)
(121,273,264.884277,-2)
(120,273,264.884277,-2)
(119,273,264.884277,-2)
(118,273,264.884277,-2)
(117,273,264.884277,-2)
(116,273,264.884277,-2)
(115,273,264.884277,-2)
(114,273,264.884277,-2)
(113,273,264.884277,-2)
(112,273,264.884277,-2)
(111,273,264.884277,-2)
(110,273,264.884277,-2)
(109,273,264.884277,-2)
(108,274,275.752319,-2)
(107,274,275.752319,-2)
(106,274,275.752319,-2)
(105,274,275.752319,-2)
(104,274,275.752319,-2)
(103,274,275.752319,-2)
(102,274,275.752319,-2)
(101,274,275.752319,-2)
(100,275,278.524719,-2)
(99,275,278.524719,-2)
(98,275,278.524719,-2)
(97,275,278.524719,-2)
(96,275,278.524719,-2)
(95,275,278.524719,-2)
(94,276,281.287231,-2)
(93,276,281.287231,-2)
(92,276,281.287231,-2)
(91,276,281.287231,-2)
(90,276,281.287231,-2)
(90,277,281.287231,-2)
(89,277,281.287231,-2)
(88,277,281.287231,-2)
(87,277,281.287231,-2)
(86,277,281.287231,-2)
(86,278,281.287231,-2)
(85,278,281.287231,-2)
(84,278,281.287231,-2)
(83,278,281.287231,-2)
(83,279,281.287231,-2)
(82,279,281.287231,-2)
(81,279,281.287231,-2)
(80,280,292.532043,-2)
(79,280,292.532043,-2)
(78,281,294.108215,-2)
(77,281,294.108215,-2)
(76,281,294.108215,-2)
(76,282,294.108215,-2)
(75,282,294.108215,-2)
(74,282,294.108215,-2)
(74,283,294.108215,-2)
(73,283,294.108215,-2)
(72,284,297.565826,-2)
(71,284,297.565826,-2)
(70,285,298.359009,-2)
(69,285,298.359009,-2)
(68,286,299.202942,-2)
(67,286,299.202942,-2)
(66,287,299.825439,-2)
(65,287,299.825439,-2)
(65,288,299.825439,-2)
(64,288,299.825439,-2)
(63,288,299.825439,-2)
(63,289,299.825439,-2)
(62,289,299.825439,-2)
(61,290,301.319580,-2)
(60,290,301.319580,-2)
(60,291,301.319580,-2)
(59,291,301.319580,-2)
(58,292,301.984680,-2)
(57,292,301.984680,-2)
(57,293,301.984680,-2)
(56,293,301.984680,-2)
(55,294,302.499756,-2)
(54,294,302.499756,-2)
(54,295,302.499756,-2)
(53,295,302.499756,-2)
(52,295,302.499756,-2)
(51,296,302.942841,-2)
(50,297,303.029907,-2)
(49,297,303.029907,-2)
(49,298,303.029907,-2)
(48,298,303.029907,-2)
(47,299,303.206177,-2)
(46,299,303.206177,-2)
(46,300,303.206177,-2)
(45,300,303.206177,-2)
(44,301,303.255737,-2)
(43,301,303.255737,-2)
(43,302,303.255737,-2)
(42,302,303.255737,-2)
(41,302,303.255737,-2)
(41,303,303.255737,-2)
(40,303,303.255737,-2)
(39,304,303.046448,-2)
(38,304,303.046448,-2)
(38,305,303.046448,-2)
(37,305,303.046448,-2)
(36,306,302.730713,-2)
(35,306,302.730713,-2)
(35,307,302.730713,-2)
(34,307,302.730713,-2)
(33,308,302.252502,-2)
(32,308,302.252502,-2)
(32,309,302.252502,-2)
(31,309,302.252502,-2)
(30,310,301.586304,-2)
(29,310,301.586304,-2)
(29,311,301.586304,-2)
(28,311,301.586304,-2)
(27,311,301.586304,-2)
(27,312,301.586304,-2)
(26,312,301.586304,-2)
(25,313,299.950317,-2)
(24,313,299.950317,-2)
(23,314,299.219910,-2)
(22,314,299.219910,-2)
(22,315,299.219910,-2)
(21,315,299.219910,-2)
(20,315,299.219910,-2)
(20,316,299.219910,-2)
(19,316,299.219910,-2)
(18,316,299.219910,-2)
(17,317,295.731384,-2)
(16,317,295.731384,-2)
(16,318,295.731384,-2)
(15,318,295.731384,-2)
(14,318,295.731384,-2)
(13,319,295.824768,-2)
(12,319,295.824768,-2)
(12,320,295.824768,-2)
(11,320,295.824768,-2)
(10,320,295.824768,-2)
(9,321,296.079529,-2)
(8,321,296.079529,-2)
(8,322,296.079529,-2)
(7,322,296.079529,-2)
(6,322,296.079529,-2)
(5,323,296.221313,-2)
(4,323,296.221313,-2)
(3,324,296.259521,-2)
(2,324,296.259521,-2)
(2,325,296.259521,-2)
(1,325,296.259521,-2)
(0,325,296.259521,-2)
(0,326,296.259521,-2)
(-1,326,296.259521,-2)
(-1,327,296.259521,-2)
(-2,327,296.259521,-2)
(-3,327,296.259521,-2)
(-4,328,296.206604,-2)
(-5,328,296.206604,-2)
(-6,329,296.145477,-2)
(-7,329,296.145477,-2)
(-8,330,296.080292,-2)
(-9,330,296.080292,-2)
(-10,331,295.985291,-2)
(-11,331,295.985291,-2)
(-12,331,295.985291,-2)
(-12,332,295.985291,-2)
(-13,332,295.985291,-2)
(-14,332,295.985291,-2)
(-14,333,295.985291,-2)
(-15,333,295.985291,-2)
(-16,334,295.616241,-2)
(-17,334,295.616241,-2)
(-18,334,295.616241,-2)
(-18,335,295.616241,-2)
(-19,335,295.616241,-2)
(-20,335,295.616241,-2)
(-21,336,295.229919,-2)
(-22,336,295.229919,-2)
(-22,337,295.229919,-2)
(-23,337,295.229919,-2)
(-24,337,295.229919,-2)
(-25,338,294.825562,-2)
(-26,338,294.825562,-2)
(-27,339,294.571777,-2)
(-28,339,294.571777,-2)
(-29,339,294.571777,-2)
(-29,340,294.571777,-2)
(-30,340,294.571777,-2)
(-31,340,294.571777,-2)
(-31,341,294.571777,-2)
(-32,341,294.571777,-2)
(-33,341,294.571777,-2)
(-34,342,293.586304,-2)
(-35,342,293.586304,-2)
(-36,343,293.273193,-2)
(-37,343,293.273193,-2)
(-38,344,292.862244,-2)
(-39,344,292.862244,-2)
(-40,344,292.862244,-2)
(-40,345,292.862244,-2)
(-41,345,292.862244,-2)
(-42,345,292.862244,-2)
(-43,345,292.862244,-2)
(-43,346,292.862244,-2)
(-44,346,292.862244,-2)
(-45,346,292.862244,-2)
(-46,347,291.042053,-2)
(-47,347,291.042053,-2)
(-48,348,290.380493,-2)
(-49,348,290.380493,-2)
(-50,348,290.380493,-2)
(-51,349,289.365845,-2)
(-52,349,289.365845,-2)
(-53,349,289.365845,-2)
(-53,350,289.365845,-2)
(-54,350,289.365845,-2)
(-55,350,289.365845,-2)
(-56,350,289.365845,-2)
(-58,351,286.522736,-2)
(-60,351,286.522736,-2)
(-62,352,285.419098,-2)
(-64,353,284.979279,-2)
(-66,353,284.979279,-2)
(-68,354,284.250214,-2)
(-70,354,284.250214,-2)
(-72,355,283.666016,-2)
(-74,355,283.666016,-2)
(-76,355,283.666016,-2)
(-77,356,282.969238,-2)
(-79,356,282.969238,-2)
(-81,357,282.588745,-2)
(-83,357,282.588745,-2)
(-85,358,282.256683,-2)
(-87,358,282.256683,-2)
(-89,359,281.962341,-2)
(-91,359,281.962341,-2)
(-93,359,281.962341,-2)
(-95,360,281.574768,-2)
(-97,360,281.574768,-2)
(-99,361,281.344055,-2)
(-101,361,281.344055,-2)
(-103,361,281.344055,-2)
(-105,362,281.028564,-2)
(-107,362,281.028564,-2)
(-109,363,280.833130,-2)
(-111,363,280.833130,-2)
(-113,363,280.833130,-2)
(-115,364,280.553894,-2)
(-117,364,280.553894,-2)
(-119,364,280.553894,-2)
(-121,365,280.278870,-2)
(-123,365,280.278870,-2)
(-125,365,280.278870,-2)
(-127,366,279.983429,-2)
(-129,366,279.983429,-2)
(-131,366,279.983429,-2)
(-133,367,279.574158,-2)
(-135,367,279.574158,-2)
(-135,367,279.574158,-2)
(-137,367,279.574158,-2)
(-139,367,279.574158,-2)
(-141,367,279.574158,-2)
(-143,367,279.574158,-2)
(-145,367,279.574158,-2)
(-147,367,279.574158,-2)
(-149,367,279.574158,-2)
(-151,367,279.574158,-2)
(-153,367,279.574158,-2)
(-155,367,279.574158,-2)
(-157,367,279.574158,-2)
(-159,367,279.574158,-2)
(-161,367,279.574158,-2)
(-163,367,279.574158,-2)
(-165,367,279.574158,-2)
(-167,367,279.574158,-2)
(-169,367,279.574158,-2)
(-171,367,279.574158,-2)
(-173,367,279.574158,-2)
(-175,367,279.574158,-2)
(-177,367,279.574158,-2)
(-179,367,279.574158,-2)
(-181,367,279.574158,-2)
(-183,367,279.574158,-2)
(-185,367,279.574158,-2)
(-187,367,279.574158,-2)
(-189,367,279.574158,-2)
(-191,367,279.574158,-2)
(-193,367,279.574158,-2)
(-195,367,279.574158,-2)
(-197,367,279.574158,-2)
(-199,367,279.574158,-2)
(-201,367,279.574158,-2)
(-203,367,279.574158,-2)
(-205,367,279.574158,-2)
(-207,367,279.574158,-2)
(-209,367,279.574158,-2)
(-211,367,279.574158,-2)
(-213,367,279.574158,-2)
(-215,367,279.574158,-2)
(-217,367,279.574158,-2)
(-219,367,279.574158,-2)
(-221,367,279.574158,-2)
(-223,367,279.574158,-2)
(-225,367,279.574158,-2)
(-227,367,279.574158,-2)
(-229,367,279.574158,-2)
(-231,367,279.574158,-2)
(-233,367,279.574158,-2)
(-235,367,279.574158,-2)
(-237,367,279.574158,-2)
(-239,367,279.574158,-2)
(-241,367,279.574158,-2)
(-243,367,279.574158,-2)
(-245,367,279.574158,-2)
(-247,367,279.574158,-2)
(-249,367,279.574158,-2)
(-251,367,279.574158,-2)
(-253,367,279.574158,-2)
(-255,367,279.574158,-2)
(-257,367,279.574158,-2)
(-259,367,279.574158,-2)
(-261,367,279.574158,-2)
(-263,367,279.574158,-2)
(-265,367,279.574158,-2)
(-267,367,279.574158,-2)
(-269,367,279.574158,-2)
(-271,367,279.574158,-2)
(-273,367,279.574158,-2)
(-275,367,279.574158,-2)
(-277,367,279.574158,-2)
(-279,367,279.574158,-2)
(-281,367,279.574158,-2)
(-283,367,279.574158,-2)
(-285,367,279.574158,-2)
(-287,367,279.574158,-2)
(-289,367,279.574158,-2)
(-291,367,279.574158,-2)
(-293,367,279.574158,-2)
(-295,367,279.574158,-2)
(-297,367,279.574158,-2)
(-299,367,279.574158,-2)
(-301,367,279.574158,-2)
(-303,367,279.574158,-2)
(-305,367,279.574158,-2)
(-307,367,279.574158,-2)
(-309,367,279.574158,-2)
(-311,367,279.574158,-2)
(-313,367,279.574158,-2)
(-315,367,279.574158,-2)
(-317,367,279.574158,-2)
(-319,367,279.574158,-2)
(-321,367,279.574158,-2)
(-323,367,279.574158,-2)
(-325,367,279.574158,-2)
(-327,367,279.574158,-2)
(-329,367,279.574158,-2)
(-331,367,279.574158,-2)
(-333,367,279.574158,-2)
(-335,367,279.574158,-2)
