18
(1460,643,241.924530,-2)
(1458,642,241.924530,-2)
(1456,641,241.924530,-2)
(1454,640,241.924530,-2)
(1452,639,241.924530,-2)
(1450,638,241.924530,-2)
(1448,637,241.924530,-2)
(1446,636,241.924530,-2)
(1444,635,241.924530,-2)
(1442,634,241.924530,-2)
(1440,633,241.924530,-2)
(1438,632,241.924530,-2)
(1436,631,241.924530,-2)
(1434,630,241.924530,-2)
(1432,629,241.924530,-2)
(1430,628,241.924530,-2)
(1428,627,241.924530,-2)
(1426,626,241.924530,-2)
(1424,625,241.924530,-2)
(1422,624,241.924530,-2)
(1420,623,241.924530,-2)
(1418,622,241.924530,-2)
(1416,621,241.924530,-2)
(1414,620,241.924530,-2)
(1412,619,241.924530,-2)
(1410,618,241.924530,-2)
(1408,617,241.924530,-2)
(1406,616,241.924530,-2)
(1404,615,241.924530,-2)
(1402,614,241.924530,-2)
(1400,613,241.924530,-2)
(1398,612,241.924530,-2)
(1396,611,241.924530,-2)
(1394,610,241.924530,-2)
(1392,609,241.924530,-2)
(1390,608,241.924530,-2)
(1388,607,241.924530,-2)
(1386,606,241.924530,-2)
(1384,605,241.924530,-2)
(1382,604,241.924530,-2)
(1380,603,241.924530,-2)
(1378,602,241.924530,-2)
(1376,601,241.924530,-2)
(1374,600,241.924530,-2)
(1372,599,241.924530,-2)
(1370,598,241.924530,-2)
(1368,597,241.924530,-2)
(1366,596,241.924530,-2)
(1364,595,241.924530,-2)
(1362,594,241.924530,-2)
(1360,593,241.924530,-2)
(1358,592,241.924530,-2)
(1356,591,241.924530,-2)
(1354,590,241.924530,-2)
(1352,589,241.924530,-2)
(1350,588,241.924530,-2)
(1348,587,241.924530,-2)
(1346,586,241.924530,-2)
(1344,585,241.924530,-2)
(1342,584,241.924530,-2)
(1340,583,241.924530,-2)
(1338,582,241.924530,-2)
(1336,581,241.924530,-2)
(1334,580,241.924530,-2)
(1332,579,241.924530,-2)
(1330,578,241.924530,-2)
(1328,577,241.924530,-2)
(1326,576,241.924530,-2)
(1324,575,241.924530,-2)
(1322,574,241.924530,-2)
(1320,573,241.924530,-2)
(1318,572,241.924530,-2)
(1316,571,241.924530,-2)
(1314,570,241.924530,-2)
(1312,569,241.924530,-2)
(1310,568,241.924530,-2)
(1308,567,241.924530,-2)
(1306,566,241.924530,-2)
(1304,565,241.924530,-2)
(1302,564,241.924530,-2)
(1300,563,241.924530,-2)
(1298,562,241.924530,-2)
(1296,561,241.924530,-2)
(1294,560,241.924530,-2)
(1292,559,241.924530,-2)
(1290,558,241.924530,-2)
(1288,557,241.924530,-2)
(1286,556,241.924530,-2)
(1284,555,241.924530,-2)
(1282,554,241.924530,-2)
(1280,553,241.924530,-2)
(1278,552,241.924530,-2)
(1276,551,241.924530,-2)
(1274,550,241.924530,-2)
(1272,549,241.924530,-2)
(1270,548,241.924530,-2)
(1268,547,241.924530,-2)
(1266,546,241.924530,-2)
(1264,545,241.924530,-2)
(1262,544,241.924530,-2)
(1260,543,241.924530,-2)
(1258,542,241.924530,-2)
(1256,541,241.924530,-2)
(1254,540,241.238251,-2)
(1253,539,240.842972,-2)
(1251,538,240.588989,-2)
(1249,537,240.416840,-2)
(1247,536,240.296906,-2)
(1246,535,240.213089,-2)
(1244,534,240.155762,-2)
(1242,533,240.118546,-2)
(1240,532,240.097351,-2)
(1239,531,240.089600,-2)
(1237,530,240.092972,-2)
(1235,529,240.106140,-2)
(1234,528,240.127991,-2)
(1232,527,240.157806,-2)
(1230,526,240.195099,-2)
(1228,525,240.239487,-2)
(1227,524,240.290756,-2)
(1225,523,240.348877,-2)
(1223,522,240.413895,-2)
(1221,521,240.485825,-2)
(1220,520,240.565048,-2)
(1218,519,240.651733,-2)
(1216,518,240.746399,-2)
(1214,517,240.849640,-2)
(1213,516,240.961960,-2)
(1211,515,241.084213,-2)
(1209,514,241.217453,-2)
(1207,513,241.362900,-2)
(1206,512,241.521790,-2)
(1204,512,241.521790,-2)
(1202,511,241.887817,-2)
(1200,510,242.099472,-2)
(1198,509,242.334488,-2)
(1197,508,242.596741,-2)
(1195,507,242.891769,-2)
(1193,506,243.225937,-2)
(1191,505,243.608337,-2)
(1190,504,244.051544,-2)
(1188,503,244.572357,-2)
(1186,502,245.195175,-2)
(1185,502,245.195175,-2)
(1184,502,245.195175,-2)
(1184,501,245.195175,-2)
(1183,501,245.195175,-2)
(1182,501,245.195175,-2)
(1181,500,247.724396,-2)
(1180,500,247.724396,-2)
(1179,500,247.724396,-2)
(1179,499,247.724396,-2)
(1178,499,247.724396,-2)
(1177,499,247.724396,-2)
(1176,498,247.823669,-2)
(1175,498,247.823669,-2)
(1174,498,247.823669,-2)
(1173,497,247.946228,-2)
(1172,497,247.946228,-2)
(1171,496,248.065231,-2)
(1170,496,248.065231,-2)
(1169,496,248.065231,-2)
(1169,495,248.065231,-2)
(1168,495,248.065231,-2)
(1167,495,248.065231,-2)
(1166,494,248.396362,-2)
(1165,494,248.396362,-2)
(1164,494,248.396362,-2)
(1163,493,248.647507,-2)
(1162,493,248.647507,-2)
(1161,492,248.859039,-2)
(1160,492,248.859039,-2)
(1159,492,248.859039,-2)
(1159,491,248.859039,-2)
(1158,491,248.859039,-2)
(1157,491,248.859039,-2)
(1156,491,248.859039,-2)
(1156,490,248.859039,-2)
(1155,490,248.859039,-2)
(1154,490,248.859039,-2)
(1153,489,249.758774,-2)
(1152,489,249.758774,-2)
(1151,489,249.758774,-2)
(1151,488,249.758774,-2)
(1150,488,249.758774,-2)
(1149,488,249.758774,-2)
(1148,488,249.758774,-2)
(1148,487,249.758774,-2)
(1147,487,249.758774,-2)
(1146,487,249.758774,-2)
(1145,487,249.758774,-2)
(1145,486,249.758774,-2)
(1144,486,249.758774,-2)
(1143,486,249.758774,-2)
(1142,486,249.758774,-2)
(1141,485,251.596008,-2)
(1140,485,251.596008,-2)
(1139,485,251.596008,-2)
(1138,484,252.188995,-2)
(1137,484,252.188995,-2)
(1136,484,252.188995,-2)
(1135,483,252.840851,-2)
(1134,483,252.840851,-2)
(1133,483,252.840851,-2)
(1133,482,252.840851,-2)
(1132,482,252.840851,-2)
(1131,482,252.840851,-2)
(1130,482,252.840851,-2)
(1129,481,254.352112,-2)
(1128,481,254.352112,-2)
(1127,481,254.352112,-2)
(1126,481,254.352112,-2)
(1125,480,255.466080,-2)
(1124,480,255.466080,-2)
(1123,480,255.466080,-2)
(1122,480,255.466080,-2)
(1121,479,256.741608,-2)
(1120,479,256.741608,-2)
(1119,479,256.741608,-2)
(1118,479,256.741608,-2)
(1117,479,256.741608,-2)
(1116,478,258.701355,-2)
(1115,478,258.701355,-2)
(1114,478,258.701355,-2)
(1113,478,258.701355,-2)
(1112,478,258.701355,-2)
(1111,477,261.105774,-2)
(1110,477,261.105774,-2)
(1109,477,261.105774,-2)
(1108,477,261.105774,-2)
(1107,477,261.105774,-2)
(1106,477,261.105774,-2)
(1105,477,261.105774,-2)
(1104,477,261.105774,-2)
(1103,477,261.105774,-2)
(1102,477,261.105774,-2)
(1101,477,261.105774,-2)
(1100,477,261.105774,-2)
(1099,477,261.105774,-2)
(1098,477,261.105774,-2)
(1097,477,261.105774,-2)
(1096,477,261.105774,-2)
(1095,477,261.105774,-2)
(1094,477,261.105774,-2)
(1093,477,261.105774,-2)
(1092,477,261.105774,-2)
(1091,477,261.105774,-2)
(1090,477,261.105774,-2)
(1089,477,261.105774,-2)
(1088,477,261.105774,-2)
(1087,477,261.105774,-2)
(1086,477,261.105774,-2)
(1085,477,261.105774,-2)
(1084,477,261.105774,-2)
(1083,477,261.105774,-2)
(1082,477,261.105774,-2)
(1082,478,261.105774,-2)
(1081,478,261.105774,-2)
(1080,478,261.105774,-2)
(1079,478,261.105774,-2)
(1078,478,261.105774,-2)
(1077,478,261.105774,-2)
(1076,478,261.105774,-2)
(1075,478,261.105774,-2)
(1074,478,261.105774,-2)
(1073,478,261.105774,-2)
(1072,478,261.105774,-2)
(1072,479,261.105774,-2)
(1071,479,261.105774,-2)
(1070,479,261.105774,-2)
(1069,479,261.105774,-2)
(1068,479,261.105774,-2)
(1067,479,261.105774,-2)
(1066,479,261.105774,-2)
(1065,479,261.105774,-2)
(1064,479,261.105774,-2)
(1064,480,261.105774,-2)
(1063,480,261.105774,-2)
(1062,480,261.105774,-2)
(1061,480,261.105774,-2)
(1060,480,261.105774,-2)
(1059,480,261.105774,-2)
(1058,480,261.105774,-2)
(1057,480,261.105774,-2)
(1056,480,261.105774,-2)
(1056,481,261.105774,-2)
(1055,481,261.105774,-2)
(1054,481,261.105774,-2)
(1053,481,261.105774,-2)
(1052,481,261.105774,-2)
(1051,481,261.105774,-2)
(1050,481,261.105774,-2)
(1049,481,261.105774,-2)
(1049,482,261.105774,-2)
(1048,482,261.105774,-2)
(1047,482,261.105774,-2)
(1046,482,261.105774,-2)
(1045,482,261.105774,-2)
(1044,482,261.105774,-2)
(1043,482,261.105774,-2)
(1042,482,261.105774,-2)
(1041,482,261.105774,-2)
(1041,483,261.105774,-2)
(1040,483,261.105774,-2)
(1039,483,261.105774,-2)
(1038,483,261.105774,-2)
(1037,483,261.105774,-2)
(1036,483,261.105774,-2)
(1035,483,261.105774,-2)
(1034,483,261.105774,-2)
(1033,483,261.105774,-2)
(1032,484,275.940643,-2)
(1031,484,275.940643,-2)
(1030,484,275.940643,-2)
(1029,484,275.940643,-2)
(1028,484,275.940643,-2)
(1027,484,275.940643,-2)
(1026,484,275.940643,-2)
(1025,484,275.940643,-2)
(1024,484,275.940643,-2)
(1023,484,275.940643,-2)
(1023,485,275.940643,-2)
(1022,485,275.940643,-2)
(1021,485,275.940643,-2)
(1020,485,275.940643,-2)
(1019,485,275.940643,-2)
(1018,485,275.940643,-2)
(1017,485,275.940643,-2)
(1016,485,275.940643,-2)
(1015,486,278.438171,-2)
(1014,486,278.438171,-2)
(1013,486,278.438171,-2)
(1012,486,278.438171,-2)
(1011,486,278.438171,-2)
(1010,486,278.438171,-2)
(1009,487,278.777649,-2)
(1008,487,278.777649,-2)
(1007,487,278.777649,-2)
(1006,487,278.777649,-2)
(1005,487,278.777649,-2)
(1004,487,278.777649,-2)
(1003,487,278.777649,-2)
(1002,488,278.943481,-2)
(1001,488,278.943481,-2)
(1000,488,278.943481,-2)
(999,488,278.943481,-2)
(998,488,278.943481,-2)
(997,488,278.943481,-2)
(996,489,278.953430,-2)
(995,489,278.953430,-2)
(994,489,278.953430,-2)
(993,489,278.953430,-2)
(992,489,278.953430,-2)
(991,489,278.953430,-2)
(990,490,278.838074,-2)
(989,490,278.838074,-2)
(988,490,278.838074,-2)
(987,490,278.838074,-2)
(986,490,278.838074,-2)
(985,490,278.838074,-2)
(984,490,278.838074,-2)
(983,491,278.576416,-2)
(982,491,278.576416,-2)
(981,491,278.576416,-2)
(980,491,278.576416,-2)
(979,491,278.576416,-2)
(978,491,278.576416,-2)
(977,491,278.576416,-2)
(977,492,278.576416,-2)
(976,492,278.576416,-2)
(975,492,278.576416,-2)
(974,492,278.576416,-2)
(973,492,278.576416,-2)
(972,492,278.576416,-2)
(971,492,278.576416,-2)
(970,492,278.576416,-2)
(970,493,278.576416,-2)
(969,493,278.576416,-2)
(968,493,278.576416,-2)
(967,493,278.576416,-2)
(966,493,278.576416,-2)
(965,493,278.576416,-2)
(964,493,278.576416,-2)
(963,493,278.576416,-2)
(962,493,278.576416,-2)
(962,494,278.576416,-2)
(961,494,278.576416,-2)
(960,494,278.576416,-2)
(959,494,278.576416,-2)
(958,494,278.576416,-2)
(957,494,278.576416,-2)
(956,494,278.576416,-2)
(955,494,278.576416,-2)
(954,494,278.576416,-2)
(953,494,278.576416,-2)
(952,494,278.576416,-2)
(952,495,278.576416,-2)
(951,495,278.576416,-2)
(950,495,278.576416,-2)
(949,495,278.576416,-2)
(948,495,278.576416,-2)
(947,495,278.576416,-2)
(946,495,278.576416,-2)
(945,495,278.576416,-2)
(944,495,278.576416,-2)
(943,495,278.576416,-2)
(942,495,278.576416,-2)
(941,495,278.576416,-2)
(940,495,278.576416,-2)
(939,495,278.576416,-2)
(938,495,278.576416,-2)
(937,496,273.704041,-2)
(936,496,273.704041,-2)
(935,496,273.704041,-2)
(934,496,273.704041,-2)
(933,496,273.704041,-2)
(932,496,273.704041,-2)
(931,496,273.704041,-2)
(930,496,273.704041,-2)
(929,496,273.704041,-2)
(928,496,273.704041,-2)
(927,496,273.704041,-2)
(926,496,273.704041,-2)
(925,496,273.704041,-2)
(924,496,273.704041,-2)
(923,496,273.704041,-2)
(922,496,273.704041,-2)
(921,496,273.704041,-2)
(920,496,273.704041,-2)
(919,496,273.704041,-2)
(918,496,273.704041,-2)
(917,496,273.704041,-2)
(916,496,273.704041,-2)
(915,496,273.704041,-2)
(914,497,271.598358,-2)
(913,497,271.598358,-2)
(912,497,271.598358,-2)
(911,497,271.598358,-2)
(910,497,271.598358,-2)
(909,497,271.598358,-2)
(908,497,271.598358,-2)
(907,497,271.598358,-2)
(906,497,271.598358,-2)
(905,497,271.598358,-2)
(904,497,271.598358,-2)
(903,497,271.598358,-2)
(902,497,271.598358,-2)
(901,497,271.598358,-2)
(900,497,271.598358,-2)
(899,497,271.598358,-2)
(898,497,271.598358,-2)
(897,497,271.598358,-2)
(896,497,271.598358,-2)
(895,497,271.598358,-2)
(894,497,271.598358,-2)
(893,497,271.598358,-2)
(892,497,271.598358,-2)
(891,497,271.598358,-2)
(890,497,271.598358,-2)
(889,497,271.598358,-2)
(888,497,271.598358,-2)
(887,497,271.598358,-2)
(886,497,271.598358,-2)
(885,497,271.598358,-2)
(884,497,271.598358,-2)
(883,497,271.598358,-2)
(882,497,271.598358,-2)
(881,497,271.598358,-2)
(880,497,271.598358,-2)
(879,497,271.598358,-2)
(878,497,271.598358,-2)
(877,497,271.598358,-2)
(876,497,271.598358,-2)
(875,497,271.598358,-2)
(874,497,271.598358,-2)
(873,497,271.598358,-2)
(872,497,271.598358,-2)
(871,497,271.598358,-2)
(870,497,271.598358,-2)
(869,497,271.598358,-2)
(868,497,271.598358,-2)
(867,497,271.598358,-2)
(866,497,271.598358,-2)
(865,497,271.598358,-2)
(864,497,271.598358,-2)
(863,497,271.598358,-2)
(862,497,271.598358,-2)
(861,497,271.598358,-2)
(860,497,271.598358,-2)
(859,497,271.598358,-2)
(858,497,271.598358,-2)
(857,497,271.598358,-2)
(856,497,271.598358,-2)
(855,497,271.598358,-2)
(854,497,271.598358,-2)
(853,497,271.598358,-2)
(852,497,271.598358,-2)
(851,497,271.598358,-2)
(850,497,271.598358,-2)
(849,497,271.598358,-2)
(848,497,271.598358,-2)
(847,497,271.598358,-2)
(846,497,271.598358,-2)
(845,497,271.598358,-2)
(844,497,271.598358,-2)
(843,497,271.598358,-2)
(842,497,271.598358,-2)
(841,497,271.598358,-2)
(840,497,271.598358,-2)
(839,497,271.598358,-2)
(838,497,271.598358,-2)
(837,497,271.598358,-2)
(836,497,271.598358,-2)
(835,497,271.598358,-2)
(834,497,271.598358,-2)
(833,497,271.598358,-2)
(832,497,271.598358,-2)
(831,497,271.598358,-2)
(830,497,271.598358,-2)
(829,497,271.598358,-2)
(828,497,271.598358,-2)
(827,497,271.598358,-2)
(826,497,271.598358,-2)
(825,497,271.598358,-2)
(824,497,271.598358,-2)
(823,497,271.598358,-2)
(822,497,271.598358,-2)
(821,497,271.598358,-2)
(820,497,271.598358,-2)
(819,497,271.598358,-2)
(818,497,271.598358,-2)
(817,497,271.598358,-2)
(816,497,271.598358,-2)
(815,497,271.598358,-2)
(814,497,271.598358,-2)
(813,497,271.598358,-2)
(812,497,271.598358,-2)
(811,497,271.598358,-2)
(810,497,271.598358,-2)
(809,497,271.598358,-2)
(808,497,271.598358,-2)
(807,497,271.598358,-2)
(806,497,271.598358,-2)
(805,497,271.598358,-2)
(804,497,271.598358,-2)
(803,497,271.598358,-2)
(802,497,271.598358,-2)
(801,497,271.598358,-2)
(800,497,271.598358,-2)
(799,497,271.598358,-2)
(798,497,271.598358,-2)
(797,497,271.598358,-2)
(796,497,271.598358,-2)
(795,497,271.598358,-2)
(794,497,271.598358,-2)
(793,497,271.598358,-2)
(792,497,271.598358,-2)
(791,497,271.598358,-2)
(790,497,271.598358,-2)
(789,497,271.598358,-2)
(788,497,271.598358,-2)
(787,497,271.598358,-2)
(786,497,271.598358,-2)
(785,497,271.598358,-2)
(784,497,271.598358,-2)
(783,497,271.598358,-2)
(782,497,271.598358,-2)
(781,497,271.598358,-2)
(780,497,271.598358,-2)
(779,497,271.598358,-2)
(778,497,271.598358,-2)
(777,497,271.598358,-2)
(776,497,271.598358,-2)
(775,497,271.598358,-2)
(774,497,271.598358,-2)
(773,497,271.598358,-2)
(772,497,271.598358,-2)
(771,497,271.598358,-2)
(770,497,271.598358,-2)
(769,497,271.598358,-2)
(768,497,271.598358,-2)
(767,497,271.598358,-2)
(766,497,271.598358,-2)
(765,497,271.598358,-2)
(764,497,271.598358,-2)
(763,497,271.598358,-2)
(762,497,271.598358,-2)
(761,497,271.598358,-2)
(760,497,271.598358,-2)
(759,497,271.598358,-2)
(758,497,271.598358,-2)
(757,497,271.598358,-2)
(756,497,271.598358,-2)
(755,497,271.598358,-2)
(754,497,271.598358,-2)
(753,497,271.598358,-2)
(752,497,271.598358,-2)
(751,497,271.598358,-2)
(750,497,271.598358,-2)
(750,496,271.598358,-2)
(749,496,271.598358,-2)
(748,496,271.598358,-2)
(747,496,271.598358,-2)
(746,496,271.598358,-2)
(745,496,271.598358,-2)
(744,496,271.598358,-2)
(743,496,271.598358,-2)
(742,496,271.598358,-2)
(741,496,271.598358,-2)
(740,496,271.598358,-2)
(739,496,271.598358,-2)
(738,496,271.598358,-2)
(737,496,271.598358,-2)
(736,496,271.598358,-2)
(735,496,271.598358,-2)
(734,496,271.598358,-2)
(733,496,271.598358,-2)
(732,496,271.598358,-2)
(731,496,271.598358,-2)
(730,496,271.598358,-2)
(729,496,271.598358,-2)
(728,495,266.549866,-2)
(727,495,266.549866,-2)
(726,495,266.549866,-2)
(725,495,266.549866,-2)
(724,495,266.549866,-2)
(723,495,266.549866,-2)
(722,495,266.549866,-2)
(721,495,266.549866,-2)
(720,495,266.549866,-2)
(719,495,266.549866,-2)
(718,495,266.549866,-2)
(717,495,266.549866,-2)
(716,495,266.549866,-2)
(715,495,266.549866,-2)
(714,494,265.122253,-2)
(713,494,265.122253,-2)
(712,494,265.122253,-2)
(711,494,265.122253,-2)
(710,494,265.122253,-2)
(709,494,265.122253,-2)
(708,494,265.122253,-2)
(707,494,265.122253,-2)
(706,494,265.122253,-2)
(705,494,265.122253,-2)
(704,494,265.122253,-2)
(704,493,265.122253,-2)
(703,493,265.122253,-2)
(702,493,265.122253,-2)
(701,493,265.122253,-2)
(700,493,265.122253,-2)
(699,493,265.122253,-2)
(698,493,265.122253,-2)
(697,493,265.122253,-2)
(696,493,265.122253,-2)
(696,492,265.122253,-2)
(695,492,265.122253,-2)
(694,492,265.122253,-2)
(693,492,265.122253,-2)
(692,492,265.122253,-2)
(691,492,265.122253,-2)
(690,492,265.122253,-2)
(689,492,265.122253,-2)
(689,491,265.122253,-2)
(688,491,265.122253,-2)
(687,491,265.122253,-2)
(686,491,265.122253,-2)
(685,491,265.122253,-2)
(684,491,265.122253,-2)
(683,491,265.122253,-2)
(683,490,265.122253,-2)
(682,490,265.122253,-2)
(681,490,265.122253,-2)
(680,490,265.122253,-2)
(679,490,265.122253,-2)
(678,490,265.122253,-2)
(677,490,265.122253,-2)
(677,489,265.122253,-2)
(676,489,265.122253,-2)
(675,489,265.122253,-2)
(674,489,265.122253,-2)
(673,489,265.122253,-2)
(672,489,265.122253,-2)
(672,488,265.122253,-2)
(671,488,265.122253,-2)
(670,488,265.122253,-2)
(669,488,265.122253,-2)
(668,488,265.122253,-2)
(667,488,265.122253,-2)
(666,487,258.891418,-2)
(665,487,258.891418,-2)
(664,487,258.891418,-2)
(663,487,258.891418,-2)
(662,487,258.891418,-2)
(661,486,258.417480,-2)
(660,486,258.417480,-2)
(659,486,258.417480,-2)
(658,486,258.417480,-2)
(657,486,258.417480,-2)
(657,485,258.417480,-2)
(656,485,258.417480,-2)
(655,485,258.417480,-2)
(654,485,258.417480,-2)
(653,485,258.417480,-2)
(652,485,258.417480,-2)
(652,484,258.417480,-2)
(651,484,258.417480,-2)
(650,484,258.417480,-2)
(649,484,258.417480,-2)
(648,484,258.417480,-2)
(648,483,258.417480,-2)
(647,483,258.417480,-2)
(646,483,258.417480,-2)
(645,483,258.417480,-2)
(644,483,258.417480,-2)
(643,482,256.660736,-2)
(642,482,256.660736,-2)
(641,482,256.660736,-2)
(640,482,256.660736,-2)
(639,482,256.660736,-2)
(639,481,256.660736,-2)
(638,481,256.660736,-2)
(637,481,256.660736,-2)
(636,481,256.660736,-2)
(635,480,255.717331,-2)
(634,480,255.717331,-2)
(633,480,255.717331,-2)
(632,480,255.717331,-2)
(631,479,255.205963,-2)
(630,479,255.205963,-2)
(629,479,255.205963,-2)
(628,479,255.205963,-2)
(627,478,254.636780,-2)
(626,478,254.636780,-2)
(625,478,254.636780,-2)
(624,478,254.636780,-2)
(624,477,254.636780,-2)
(623,477,254.636780,-2)
(622,477,254.636780,-2)
(621,477,254.636780,-2)
(621,476,254.636780,-2)
(620,476,254.636780,-2)
(619,476,254.636780,-2)
(618,476,254.636780,-2)
(617,476,254.636780,-2)
(617,475,254.636780,-2)
(616,475,254.636780,-2)
(615,475,254.636780,-2)
(614,475,254.636780,-2)
(613,474,254.408813,-2)
(612,474,254.408813,-2)
(611,474,254.408813,-2)
(610,474,254.408813,-2)
(610,473,254.408813,-2)
(609,473,254.408813,-2)
(608,473,254.408813,-2)
(607,473,254.408813,-2)
(606,472,253.374817,-2)
(605,472,253.374817,-2)
(604,472,253.374817,-2)
(603,471,252.940186,-2)
(602,471,252.940186,-2)
(601,471,252.940186,-2)
(600,471,252.940186,-2)
(600,470,252.940186,-2)
(599,470,252.940186,-2)
(598,470,252.940186,-2)
(597,470,252.940186,-2)
(597,469,252.940186,-2)
(596,469,252.940186,-2)
(595,469,252.940186,-2)
(594,469,252.940186,-2)
(594,468,252.940186,-2)
(593,468,252.940186,-2)
(592,468,252.940186,-2)
(591,468,252.940186,-2)
(591,467,252.940186,-2)
(590,467,252.940186,-2)
(589,467,252.940186,-2)
(588,467,252.940186,-2)
(588,466,252.940186,-2)
(587,466,252.940186,-2)
(586,466,252.940186,-2)
(585,466,252.940186,-2)
(584,465,250.317413,-2)
(583,465,250.317413,-2)
(582,464,249.978302,-2)
(581,464,249.978302,-2)
(580,464,249.978302,-2)
(579,463,249.512756,-2)
(578,463,249.512756,-2)
(577,463,249.512756,-2)
(577,462,249.512756,-2)
(576,462,249.512756,-2)
(575,462,249.512756,-2)
(574,461,248.715103,-2)
(573,461,248.715103,-2)
(572,461,248.715103,-2)
(572,460,248.715103,-2)
(571,460,248.715103,-2)
(570,460,248.715103,-2)
(569,460,248.715103,-2)
(569,459,248.715103,-2)
(568,459,248.715103,-2)
(567,459,248.715103,-2)
(567,458,248.715103,-2)
(566,458,248.715103,-2)
(565,458,248.715103,-2)
(564,457,246.823181,-2)
(563,457,246.823181,-2)
(562,457,246.823181,-2)
(562,456,246.823181,-2)
(561,456,246.823181,-2)
(560,456,246.823181,-2)
(559,455,245.747681,-2)
(558,455,245.747681,-2)
(558,454,245.747681,-2)
(557,454,245.747681,-2)
(556,454,245.747681,-2)
(555,453,244.718384,-2)
(554,453,244.718384,-2)
(553,452,244.099518,-2)
(552,452,244.099518,-2)
(551,451,243.431885,-2)
(550,451,243.431885,-2)
(549,450,242.832703,-2)
(548,450,242.832703,-2)
(547,449,242.054184,-2)
(546,449,242.054184,-2)
(545,448,241.348038,-2)
(544,448,241.348038,-2)
(544,447,241.348038,-2)
(543,447,241.348038,-2)
(542,447,241.348038,-2)
(542,446,241.348038,-2)
(541,446,241.348038,-2)
(540,445,239.395569,-2)
(539,445,239.395569,-2)
(539,444,239.395569,-2)
(538,444,239.395569,-2)
(537,444,239.395569,-2)
(536,443,238.342850,-2)
(535,442,238.075424,-2)
(534,442,238.075424,-2)
(534,441,238.075424,-2)
(533,441,238.075424,-2)
(532,441,238.075424,-2)
(532,440,238.075424,-2)
(531,440,238.075424,-2)
(530,439,236.829971,-2)
(529,439,236.829971,-2)
(529,438,236.829971,-2)
(528,438,236.829971,-2)
(527,437,236.135162,-2)
(526,437,236.135162,-2)
(526,436,236.135162,-2)
(525,436,236.135162,-2)
(524,435,235.465363,-2)
(523,435,235.465363,-2)
(523,434,235.465363,-2)
(522,434,235.465363,-2)
(521,433,234.811432,-2)
(520,432,234.595459,-2)
(519,432,234.595459,-2)
(519,431,234.595459,-2)
(518,431,234.595459,-2)
(517,430,233.950378,-2)
(516,429,233.663513,-2)
(515,429,233.663513,-2)
(515,428,233.663513,-2)
(514,428,233.663513,-2)
(513,427,233.013947,-2)
(512,427,233.013947,-2)
(512,426,233.013947,-2)
(511,426,233.013947,-2)
(510,425,232.353195,-2)
(509,424,232.129242,-2)
(508,423,231.827209,-2)
(507,423,231.827209,-2)
(507,422,231.827209,-2)
(506,422,231.827209,-2)
(505,421,231.129593,-2)
(504,420,230.890533,-2)
(503,419,230.565887,-2)
(502,419,230.565887,-2)
(502,418,230.565887,-2)
(501,418,230.565887,-2)
(500,417,229.806641,-2)
(500,416,229.806641,-2)
(499,416,229.806641,-2)
(499,415,229.806641,-2)
(498,415,229.806641,-2)
(497,414,228.906479,-2)
(496,413,228.526215,-2)
(495,413,228.526215,-2)
(495,412,228.526215,-2)
(494,411,227.827850,-2)
(493,411,227.827850,-2)
(493,410,227.827850,-2)
(492,410,227.827850,-2)
(491,409,226.857605,-2)
(491,408,226.857605,-2)
(490,408,226.857605,-2)
(490,407,226.857605,-2)
(489,407,226.857605,-2)
(489,406,226.857605,-2)
(488,406,226.857605,-2)
(487,405,225.139343,-2)
(487,404,225.139343,-2)
(486,404,225.139343,-2)
(485,403,224.156311,-2)
(485,402,224.156311,-2)
(484,402,224.156311,-2)
(484,401,224.156311,-2)
(483,401,224.156311,-2)
(482,400,222.386749,-2)
(482,399,222.386749,-2)
(481,399,222.386749,-2)
(481,398,222.386749,-2)
(480,398,222.386749,-2)
(480,397,222.386749,-2)
(479,396,220.028259,-2)
(478,395,219.518311,-2)
(478,394,219.518311,-2)
(477,394,219.518311,-2)
(477,393,219.518311,-2)
(476,393,219.518311,-2)
(476,392,219.518311,-2)
(475,391,217.862076,-2)
(475,390,217.862076,-2)
(474,390,217.862076,-2)
(474,389,217.862076,-2)
(473,388,216.870453,-2)
(472,387,216.559799,-2)
(471,386,216.158432,-2)
(471,385,216.158432,-2)
(470,385,216.158432,-2)
(470,384,216.158432,-2)
(469,383,215.298340,-2)
(469,382,215.298340,-2)
(468,382,215.298340,-2)
(468,381,215.298340,-2)
(467,380,214.482941,-2)
(467,379,214.482941,-2)
(466,379,214.482941,-2)
(466,378,214.482941,-2)
(465,377,213.697052,-2)
(465,376,213.697052,-2)
(464,376,213.697052,-2)
(464,375,213.697052,-2)
(463,374,212.928894,-2)
(463,373,212.928894,-2)
(462,373,212.928894,-2)
(462,372,212.928894,-2)
(461,371,212.168213,-2)
(461,370,212.168213,-2)
(460,370,212.168213,-2)
(460,369,212.168213,-2)
(459,368,211.405884,-2)
(459,367,211.405884,-2)
(458,367,211.405884,-2)
(458,366,211.405884,-2)
(458,365,211.405884,-2)
(457,364,210.459473,-2)
(457,363,210.459473,-2)
(456,363,210.459473,-2)
(456,362,210.459473,-2)
(455,361,209.663071,-2)
(455,360,209.663071,-2)
(454,360,209.663071,-2)
(454,359,209.663071,-2)
(454,358,209.663071,-2)
(453,357,208.648697,-2)
(453,356,208.648697,-2)
(452,356,208.648697,-2)
(452,355,208.648697,-2)
(451,354,207.773682,-2)
(451,353,207.773682,-2)
(450,352,207.161713,-2)
(450,351,207.161713,-2)
(449,350,206.631317,-2)
(449,349,206.631317,-2)
(448,348,205.966293,-2)
(448,347,205.966293,-2)
(448,346,205.966293,-2)
(447,346,205.966293,-2)
(447,345,205.966293,-2)
(446,344,204.650604,-2)
(446,343,204.650604,-2)
(446,342,204.650604,-2)
(445,342,204.650604,-2)
(445,341,204.650604,-2)
(445,340,204.650604,-2)
(444,339,202.889557,-2)
(444,338,202.889557,-2)
(443,337,201.980286,-2)
(443,336,201.980286,-2)
(443,335,201.980286,-2)
(442,335,201.980286,-2)
(442,334,201.980286,-2)
(442,333,201.980286,-2)
(442,332,201.980286,-2)
(441,332,201.980286,-2)
(441,331,201.980286,-2)
(441,330,201.980286,-2)
(441,329,201.980286,-2)
(440,329,201.980286,-2)
(440,328,201.980286,-2)
(440,327,201.980286,-2)
(440,326,201.980286,-2)
(439,326,201.980286,-2)
(439,325,201.980286,-2)
(439,324,201.980286,-2)
(439,323,201.980286,-2)
(439,322,201.980286,-2)
(438,322,201.980286,-2)
(438,321,201.980286,-2)
(438,320,201.980286,-2)
(438,319,201.980286,-2)
(438,318,201.980286,-2)
(437,317,191.280365,-2)
(437,316,191.280365,-2)
(437,315,191.280365,-2)
(437,314,191.280365,-2)
(437,313,191.280365,-2)
(437,312,191.280365,-2)
(436,311,188.636520,-2)
(436,310,188.636520,-2)
(436,309,188.636520,-2)
(436,308,188.636520,-2)
(436,307,188.636520,-2)
(436,306,188.636520,-2)
(436,305,188.636520,-2)
(436,304,188.636520,-2)
(435,304,188.636520,-2)
(435,303,188.636520,-2)
(435,302,188.636520,-2)
(435,301,188.636520,-2)
(435,300,188.636520,-2)
(435,299,188.636520,-2)
(435,298,188.636520,-2)
(435,297,188.636520,-2)
(435,296,188.636520,-2)
(435,295,188.636520,-2)
(435,294,188.636520,-2)
(435,293,188.636520,-2)
(435,292,188.636520,-2)
(435,291,188.636520,-2)
(435,290,188.636520,-2)
(434,290,188.636520,-2)
(434,289,188.636520,-2)
(434,288,188.636520,-2)
(434,287,188.636520,-2)
(434,286,188.636520,-2)
(434,285,188.636520,-2)
(434,284,188.636520,-2)
(434,283,188.636520,-2)
(434,282,188.636520,-2)
(434,281,188.636520,-2)
(434,280,188.636520,-2)
(434,279,188.636520,-2)
(434,278,188.636520,-2)
(434,277,188.636520,-2)
(434,276,188.636520,-2)
(434,275,188.636520,-2)
(434,274,188.636520,-2)
(435,274,188.636520,-2)
(435,273,188.636520,-2)
(435,272,188.636520,-2)
(435,271,188.636520,-2)
(435,270,188.636520,-2)
(435,269,188.636520,-2)
(435,268,188.636520,-2)
(435,267,188.636520,-2)
(435,266,188.636520,-2)
(435,265,188.636520,-2)
(435,264,188.636520,-2)
(435,263,188.636520,-2)
(435,262,188.636520,-2)
(435,261,188.636520,-2)
(435,260,188.636520,-2)
(435,259,188.636520,-2)
(436,258,173.851563,-2)
(436,257,173.851563,-2)
(436,256,173.851563,-2)
(436,255,173.851563,-2)
(436,254,173.851563,-2)
(436,253,173.851563,-2)
(436,252,173.851563,-2)
(436,251,173.851563,-2)
(437,250,171.129868,-2)
(437,249,171.129868,-2)
(437,248,171.129868,-2)
(437,247,171.129868,-2)
(437,246,171.129868,-2)
(438,245,168.929459,-2)
(438,244,168.929459,-2)
(438,243,168.929459,-2)
(438,242,168.929459,-2)
(438,241,168.929459,-2)
(439,241,168.929459,-2)
(439,240,168.929459,-2)
(439,239,168.929459,-2)
(439,238,168.929459,-2)
(440,238,168.929459,-2)
(440,237,168.929459,-2)
(440,236,168.929459,-2)
(440,235,168.929459,-2)
(441,235,168.929459,-2)
(441,234,168.929459,-2)
(441,233,168.929459,-2)
(441,232,168.929459,-2)
(442,232,168.929459,-2)
(442,231,168.929459,-2)
(442,230,168.929459,-2)
(443,229,159.154114,-2)
(443,228,159.154114,-2)
(443,227,159.154114,-2)
(444,227,159.154114,-2)
(444,226,159.154114,-2)
(444,225,159.154114,-2)
(444,224,159.154114,-2)
(445,224,159.154114,-2)
(445,223,159.154114,-2)
(445,222,159.154114,-2)
(446,222,159.154114,-2)
(446,221,159.154114,-2)
(446,220,159.154114,-2)
(447,219,156.378708,-2)
(447,218,156.378708,-2)
(448,217,155.827301,-2)
(448,216,155.827301,-2)
(448,215,155.827301,-2)
(449,215,155.827301,-2)
(449,214,155.827301,-2)
(449,213,155.827301,-2)
(450,212,154.674973,-2)
(450,211,154.674973,-2)
(451,211,154.674973,-2)
(451,210,154.674973,-2)
(451,209,154.674973,-2)
(452,208,153.723038,-2)
(452,207,153.723038,-2)
(453,207,153.723038,-2)
(453,206,153.723038,-2)
(453,205,153.723038,-2)
(454,205,153.723038,-2)
(454,204,153.723038,-2)
(454,203,153.723038,-2)
(455,202,152.247238,-2)
(455,201,152.247238,-2)
(456,201,152.247238,-2)
(456,200,152.247238,-2)
(456,199,152.247238,-2)
(457,199,152.247238,-2)
(457,198,152.247238,-2)
(458,197,150.891998,-2)
(458,196,150.891998,-2)
(459,195,150.419769,-2)
(459,194,150.419769,-2)
(460,194,150.419769,-2)
(460,193,150.419769,-2)
(460,192,150.419769,-2)
(461,192,150.419769,-2)
(461,191,150.419769,-2)
(462,190,148.909241,-2)
(462,189,148.909241,-2)
(463,188,148.364975,-2)
(463,187,148.364975,-2)
(464,187,148.364975,-2)
(464,186,148.364975,-2)
(465,185,147.316895,-2)
(465,184,147.316895,-2)
(466,184,147.316895,-2)
(466,183,147.316895,-2)
(467,182,146.157532,-2)
(467,181,146.157532,-2)
(468,181,146.157532,-2)
(468,180,146.157532,-2)
(469,179,144.851120,-2)
(469,178,144.851120,-2)
(470,178,144.851120,-2)
(470,177,144.851120,-2)
(471,177,144.851120,-2)
(471,176,144.851120,-2)
(472,175,142.597412,-2)
(472,174,142.597412,-2)
(473,174,142.597412,-2)
(473,173,142.597412,-2)
(474,172,140.668274,-2)
(475,172,140.668274,-2)
(475,171,140.668274,-2)
(476,170,138.862167,-2)
(477,169,136.171509,-2)
(478,168,135.112671,-2)
(479,167,134.371613,-2)
(480,166,133.446854,-2)
(481,165,132.795959,-2)
(482,164,131.977463,-2)
(483,164,131.977463,-2)
(483,163,131.977463,-2)
(484,163,131.977463,-2)
(484,162,131.977463,-2)
(485,162,131.977463,-2)
(486,161,129.640152,-2)
(486,160,129.640152,-2)
(487,160,129.640152,-2)
(488,159,128.694351,-2)
(489,159,128.694351,-2)
(489,158,128.694351,-2)
(490,158,128.694351,-2)
(490,157,128.694351,-2)
(491,157,128.694351,-2)
(492,156,126.858505,-2)
(493,156,126.858505,-2)
(493,155,126.858505,-2)
(494,155,126.858505,-2)
(495,154,125.721870,-2)
(496,153,125.362373,-2)
(497,153,125.362373,-2)
(497,152,125.362373,-2)
(498,152,125.362373,-2)
(499,151,124.332466,-2)
(500,151,124.332466,-2)
(500,150,124.332466,-2)
(501,150,124.332466,-2)
(502,149,123.363197,-2)
(503,149,123.363197,-2)
(503,148,123.363197,-2)
(504,148,123.363197,-2)
(505,147,122.440659,-2)
(506,147,122.440659,-2)
(506,146,122.440659,-2)
(507,146,122.440659,-2)
(508,145,121.552925,-2)
(509,145,121.552925,-2)
(509,144,121.552925,-2)
(510,144,121.552925,-2)
(511,144,121.552925,-2)
(511,143,121.552925,-2)
(512,143,121.552925,-2)
(513,142,120.122086,-2)
(514,142,120.122086,-2)
(515,141,119.652191,-2)
(516,141,119.652191,-2)
(516,140,119.652191,-2)
(517,140,119.652191,-2)
(518,140,119.652191,-2)
(518,139,119.652191,-2)
(519,139,119.652191,-2)
(520,138,118.240295,-2)
(521,138,118.240295,-2)
(522,138,118.240295,-2)
(522,137,118.240295,-2)
(523,137,118.240295,-2)
(524,136,117.181702,-2)
(525,136,117.181702,-2)
(526,136,117.181702,-2)
(526,135,117.181702,-2)
(527,135,117.181702,-2)
(528,134,116.079109,-2)
(529,134,116.079109,-2)
(530,133,115.449677,-2)
(531,133,115.449677,-2)
(532,133,115.449677,-2)
(532,132,115.449677,-2)
(533,132,115.449677,-2)
(534,132,115.449677,-2)
(535,131,113.986031,-2)
(536,131,113.986031,-2)
(536,130,113.986031,-2)
(537,130,113.986031,-2)
(538,130,113.986031,-2)
(539,129,112.594048,-2)
(540,129,112.594048,-2)
(541,129,112.594048,-2)
(541,128,112.594048,-2)
(542,128,112.594048,-2)
(543,128,112.594048,-2)
(544,127,110.498955,-2)
(545,127,110.498955,-2)
(546,127,110.498955,-2)
(547,126,109.172096,-2)
(548,126,109.172096,-2)
(549,126,109.172096,-2)
(550,125,107.713432,-2)
(551,125,107.713432,-2)
(552,125,107.713432,-2)
(553,125,107.713432,-2)
(553,124,107.713432,-2)
(554,124,107.713432,-2)
(555,124,107.713432,-2)
(556,124,107.713432,-2)
(556,123,107.713432,-2)
(557,123,107.713432,-2)
(558,123,107.713432,-2)
(559,123,107.713432,-2)
(560,123,107.713432,-2)
(560,122,107.713432,-2)
(561,122,107.713432,-2)
(562,122,107.713432,-2)
(563,122,107.713432,-2)
(564,122,107.713432,-2)
(564,121,107.713432,-2)
(565,121,107.713432,-2)
(566,121,107.713432,-2)
(567,121,107.713432,-2)
(568,121,107.713432,-2)
(569,121,107.713432,-2)
(569,120,107.713432,-2)
(570,120,107.713432,-2)
(571,120,107.713432,-2)
(572,120,107.713432,-2)
(573,120,107.713432,-2)
(574,120,107.713432,-2)
(575,119,100.364105,-2)
(576,119,100.364105,-2)
(577,119,100.364105,-2)
(578,119,100.364105,-2)
(579,119,100.364105,-2)
(580,119,100.364105,-2)
(580,118,100.364105,-2)
(581,118,100.364105,-2)
(582,118,100.364105,-2)
(583,118,100.364105,-2)
(584,118,100.364105,-2)
(585,118,100.364105,-2)
(586,118,100.364105,-2)
(586,117,100.364105,-2)
(587,117,100.364105,-2)
(588,117,100.364105,-2)
(589,117,100.364105,-2)
(590,117,100.364105,-2)
(591,117,100.364105,-2)
(592,117,100.364105,-2)
(593,117,100.364105,-2)
(594,117,100.364105,-2)
(594,116,100.364105,-2)
(595,116,100.364105,-2)
(596,116,100.364105,-2)
(597,116,100.364105,-2)
(598,116,100.364105,-2)
(599,116,100.364105,-2)
(600,116,100.364105,-2)
(601,116,100.364105,-2)
(602,116,100.364105,-2)
(603,116,100.364105,-2)
(604,115,95.526863,-2)
(605,115,95.526863,-2)
(606,115,95.526863,-2)
(607,115,95.526863,-2)
(608,115,95.526863,-2)
(609,115,95.526863,-2)
(610,115,95.526863,-2)
(611,115,95.526863,-2)
(612,115,95.526863,-2)
(613,115,95.526863,-2)
(614,115,95.526863,-2)
(615,115,95.526863,-2)
(616,114,93.747925,-2)
(617,114,93.747925,-2)
(618,114,93.747925,-2)
(619,114,93.747925,-2)
(620,114,93.747925,-2)
(621,114,93.747925,-2)
(622,114,93.747925,-2)
(623,114,93.747925,-2)
(624,114,93.747925,-2)
(625,114,93.747925,-2)
(626,114,93.747925,-2)
(627,114,93.747925,-2)
(628,114,93.747925,-2)
(629,114,93.747925,-2)
(630,114,93.747925,-2)
(631,114,93.747925,-2)
(632,114,93.747925,-2)
(633,114,93.747925,-2)
(634,114,93.747925,-2)
(635,114,93.747925,-2)
(636,114,93.747925,-2)
(637,114,93.747925,-2)
(638,114,93.747925,-2)
(639,114,93.747925,-2)
(640,114,93.747925,-2)
(641,114,93.747925,-2)
(642,114,93.747925,-2)
(643,114,93.747925,-2)
(644,114,93.747925,-2)
(645,114,93.747925,-2)
(646,114,93.747925,-2)
(647,114,93.747925,-2)
(648,114,93.747925,-2)
(649,114,93.747925,-2)
(650,114,93.747925,-2)
(651,114,93.747925,-2)
(652,114,93.747925,-2)
(653,114,93.747925,-2)
(654,114,93.747925,-2)
(655,114,93.747925,-2)
(656,114,93.747925,-2)
(657,114,93.747925,-2)
(658,114,93.747925,-2)
(659,114,93.747925,-2)
(660,114,93.747925,-2)
(661,114,93.747925,-2)
(662,114,93.747925,-2)
(663,114,93.747925,-2)
(664,114,93.747925,-2)
(665,114,93.747925,-2)
(666,114,93.747925,-2)
(667,114,93.747925,-2)
(667,115,93.747925,-2)
(668,115,93.747925,-2)
(669,115,93.747925,-2)
(670,115,93.747925,-2)
(671,115,93.747925,-2)
(672,115,93.747925,-2)
(673,115,93.747925,-2)
(674,115,93.747925,-2)
(675,115,93.747925,-2)
(676,115,93.747925,-2)
(677,115,93.747925,-2)
(678,115,93.747925,-2)
(679,115,93.747925,-2)
(680,115,93.747925,-2)
(681,116,84.283798,-2)
(682,116,84.283798,-2)
(683,116,84.283798,-2)
(684,116,84.283798,-2)
(685,116,84.283798,-2)
(686,116,84.283798,-2)
(687,116,84.283798,-2)
(688,116,84.283798,-2)
(689,117,81.684425,-2)
(690,117,81.684425,-2)
(691,117,81.684425,-2)
(692,117,81.684425,-2)
(693,117,81.684425,-2)
(694,117,81.684425,-2)
(695,118,79.212593,-2)
(696,118,79.212593,-2)
(697,118,79.212593,-2)
(698,118,79.212593,-2)
(699,118,79.212593,-2)
(700,119,76.690201,-2)
(701,119,76.690201,-2)
(702,119,76.690201,-2)
(703,119,76.690201,-2)
(703,120,76.690201,-2)
(704,120,76.690201,-2)
(705,120,76.690201,-2)
(706,120,76.690201,-2)
(707,121,71.141968,-2)
(708,121,71.141968,-2)
(709,121,71.141968,-2)
(710,122,68.897659,-2)
(711,122,68.897659,-2)
(712,122,68.897659,-2)
(712,123,68.897659,-2)
(713,123,68.897659,-2)
(714,123,68.897659,-2)
(715,124,65.593124,-2)
(716,124,65.593124,-2)
(717,125,64.585953,-2)
(718,125,64.585953,-2)
(719,126,63.466248,-2)
(720,126,63.466248,-2)
(720,127,63.466248,-2)
(721,127,63.466248,-2)
(722,127,63.466248,-2)
(723,128,61.610985,-2)
(724,128,61.610985,-2)
(724,129,61.610985,-2)
(725,129,61.610985,-2)
(726,129,61.610985,-2)
(726,130,61.610985,-2)
(727,130,61.610985,-2)
(728,131,59.374077,-2)
(729,131,59.374077,-2)
(730,132,58.682018,-2)
(731,132,58.682018,-2)
(731,133,58.682018,-2)
(732,133,58.682018,-2)
(733,134,57.483036,-2)
(734,134,57.483036,-2)
(734,135,57.483036,-2)
(735,135,57.483036,-2)
(736,136,56.328857,-2)
(737,136,56.328857,-2)
(737,137,56.328857,-2)
(738,137,56.328857,-2)
(739,138,55.202732,-2)
(740,138,55.202732,-2)
(740,139,55.202732,-2)
(741,139,55.202732,-2)
(742,140,54.089794,-2)
(743,140,54.089794,-2)
(743,141,54.089794,-2)
(744,141,54.089794,-2)
(745,142,52.976032,-2)
(745,143,52.976032,-2)
(746,143,52.976032,-2)
(747,144,52.100266,-2)
(748,144,52.100266,-2)
(748,145,52.100266,-2)
(749,145,52.100266,-2)
(750,146,50.950516,-2)
(751,147,50.558907,-2)
(752,148,50.028755,-2)
(753,148,50.028755,-2)
(753,149,50.028755,-2)
(754,149,50.028755,-2)
(755,150,48.793961,-2)
(755,151,48.793961,-2)
(756,151,48.793961,-2)
(757,152,47.783440,-2)
(757,153,47.783440,-2)
(758,153,47.783440,-2)
(759,154,46.717171,-2)
(760,155,46.239887,-2)
(761,156,45.582043,-2)
(762,157,45.070614,-2)
(763,158,44.362034,-2)
(764,159,43.808643,-2)
(765,160,43.037708,-2)
(765,161,43.037708,-2)
(766,161,43.037708,-2)
(767,162,41.583855,-2)
(767,163,41.583855,-2)
(768,163,41.583855,-2)
(768,164,41.583855,-2)
(769,165,39.471546,-2)
(770,165,39.471546,-2)
(770,166,39.471546,-2)
(771,167,37.584160,-2)
(771,168,37.584160,-2)
(772,168,37.584160,-2)
(772,169,37.584160,-2)
(773,170,34.733608,-2)
(773,171,34.733608,-2)
(774,171,34.733608,-2)
(774,172,34.733608,-2)
(775,173,31.589008,-2)
(775,174,31.589008,-2)
(776,174,31.589008,-2)
(776,175,31.589008,-2)
(777,176,28.938244,-2)
(777,177,28.938244,-2)
(778,178,27.643692,-2)
(778,179,27.643692,-2)
(779,180,26.227459,-2)
(779,181,26.227459,-2)
(779,182,26.227459,-2)
(780,182,26.227459,-2)
(780,183,26.227459,-2)
(780,184,26.227459,-2)
(781,184,26.227459,-2)
(781,185,26.227459,-2)
(781,186,26.227459,-2)
(782,187,22.499878,-2)
(782,188,22.499878,-2)
(783,189,21.504738,-2)
(783,190,21.504738,-2)
(783,191,21.504738,-2)
(784,191,21.504738,-2)
(784,192,21.504738,-2)
(784,193,21.504738,-2)
(784,194,21.504738,-2)
(785,194,21.504738,-2)
(785,195,21.504738,-2)
(785,196,21.504738,-2)
(785,197,21.504738,-2)
(786,198,18.238693,-2)
(786,199,18.238693,-2)
(786,200,18.238693,-2)
(787,201,17.256203,-2)
(787,202,17.256203,-2)
(787,203,17.256203,-2)
(788,204,16.331863,-2)
(788,205,16.331863,-2)
(788,206,16.331863,-2)
(789,207,15.455612,-2)
(789,208,15.455612,-2)
(789,209,15.455612,-2)
(789,210,15.455612,-2)
(790,211,14.414276,-2)
(790,212,14.414276,-2)
(790,213,14.414276,-2)
(790,214,14.414276,-2)
(791,214,14.414276,-2)
(791,215,14.414276,-2)
(791,216,14.414276,-2)
(791,217,14.414276,-2)
(791,218,14.414276,-2)
(791,219,14.414276,-2)
(792,220,12.173592,-2)
(792,221,12.173592,-2)
(792,222,12.173592,-2)
(792,223,12.173592,-2)
(793,224,11.141678,-2)
(793,225,11.141678,-2)
(793,226,11.141678,-2)
(793,227,11.141678,-2)
(793,228,11.141678,-2)
(793,229,11.141678,-2)
(794,229,11.141678,-2)
(794,230,11.141678,-2)
(794,231,11.141678,-2)
(794,232,11.141678,-2)
(794,233,11.141678,-2)
(794,234,11.141678,-2)
(794,235,11.141678,-2)
(795,236,8.276268,-2)
(795,237,8.276268,-2)
(795,238,8.276268,-2)
(795,239,8.276268,-2)
(795,240,8.276268,-2)
(795,241,8.276268,-2)
(795,242,8.276268,-2)
(795,243,8.276268,-2)
(796,244,6.131973,-2)
(796,245,6.131973,-2)
(796,246,6.131973,-2)
(796,247,6.131973,-2)
(796,248,6.131973,-2)
(796,249,6.131973,-2)
(796,250,6.131973,-2)
(796,251,6.131973,-2)
(796,252,6.131973,-2)
(796,253,6.131973,-2)
(796,254,6.131973,-2)
(796,255,6.131973,-2)
(797,256,2.954071,-2)
(797,257,2.954071,-2)
(797,258,2.954071,-2)
(797,259,2.954071,-2)
(797,260,2.954071,-2)
(797,261,2.954071,-2)
(797,262,2.954071,-2)
(797,263,2.954071,-2)
(797,264,2.954071,-2)
(797,265,2.954071,-2)
(797,266,2.954071,-2)
(797,267,2.954071,-2)
(797,268,2.954071,-2)
(797,269,2.954071,-2)
(797,270,2.954071,-2)
(797,271,2.954071,-2)
(797,272,2.954071,-2)
(797,273,2.954071,-2)
(797,274,2.954071,-2)
(797,275,2.954071,-2)
(797,276,2.954071,-2)
(797,277,2.954071,-2)
(797,278,2.954071,-2)
(797,279,2.954071,-2)
(797,280,2.954071,-2)
(797,281,2.954071,-2)
(797,282,2.954071,-2)
(797,283,2.954071,-2)
(797,284,2.954071,-2)
(797,285,2.954071,-2)
(797,286,2.954071,-2)
(796,286,2.954071,-2)
(796,287,2.954071,-2)
(796,288,2.954071,-2)
(796,289,2.954071,-2)
(796,290,2.954071,-2)
(796,291,2.954071,-2)
(796,292,2.954071,-2)
(796,293,2.954071,-2)
(796,294,2.954071,-2)
(796,295,2.954071,-2)
(796,296,2.954071,-2)
(796,297,2.954071,-2)
(796,298,2.954071,-2)
(796,299,2.954071,-2)
(795,300,353.899567,-2)
(795,301,353.899567,-2)
(795,302,353.899567,-2)
(795,303,353.899567,-2)
(795,304,353.899567,-2)
(795,305,353.899567,-2)
(795,306,353.899567,-2)
(795,307,353.899567,-2)
(794,307,353.899567,-2)
(794,308,353.899567,-2)
(794,309,353.899567,-2)
(794,310,353.899567,-2)
(794,311,353.899567,-2)
(794,312,353.899567,-2)
(794,313,353.899567,-2)
(793,313,353.899567,-2)
(793,314,353.899567,-2)
(793,315,353.899567,-2)
(793,316,353.899567,-2)
(793,317,353.899567,-2)
(793,318,353.899567,-2)
(792,318,353.899567,-2)
(792,319,353.899567,-2)
(792,320,353.899567,-2)
(792,321,353.899567,-2)
(792,322,353.899567,-2)
(791,322,353.899567,-2)
(791,323,353.899567,-2)
(791,324,353.899567,-2)
(791,325,353.899567,-2)
(790,326,342.704071,-2)
(790,327,342.704071,-2)
(790,328,342.704071,-2)
(789,329,340.214264,-2)
(789,330,340.214264,-2)
(789,331,340.214264,-2)
(788,331,340.214264,-2)
(788,332,340.214264,-2)
(788,333,340.214264,-2)
(788,334,340.214264,-2)
(787,334,340.214264,-2)
(787,335,340.214264,-2)
(787,336,340.214264,-2)
(786,337,334.229675,-2)
(786,338,334.229675,-2)
(785,338,334.229675,-2)
(785,339,334.229675,-2)
(785,340,334.229675,-2)
(784,341,331.508301,-2)
(784,342,331.508301,-2)
(783,342,331.508301,-2)
(783,343,331.508301,-2)
(782,344,329.609192,-2)
(782,345,329.609192,-2)
(781,345,329.609192,-2)
(781,346,329.609192,-2)
(781,347,329.609192,-2)
(780,347,329.609192,-2)
(780,348,329.609192,-2)
(779,349,326.939026,-2)
(779,350,326.939026,-2)
(778,350,326.939026,-2)
(778,351,326.939026,-2)
(777,352,325.569275,-2)
(777,353,325.569275,-2)
(776,353,325.569275,-2)
(776,354,325.569275,-2)
(775,355,324.336182,-2)
(774,356,323.951508,-2)
(774,357,323.951508,-2)
(773,357,323.951508,-2)
(773,358,323.951508,-2)
(772,359,322.866516,-2)
(772,360,322.866516,-2)
(771,360,322.866516,-2)
(771,361,322.866516,-2)
(770,361,322.866516,-2)
(770,362,322.866516,-2)
(769,363,321.456573,-2)
(768,364,321.153687,-2)
(768,365,321.153687,-2)
(767,365,321.153687,-2)
(767,366,321.153687,-2)
(766,366,321.153687,-2)
(766,367,321.153687,-2)
(765,368,319.923096,-2)
(764,369,319.655853,-2)
(763,370,319.308472,-2)
(762,371,319.053986,-2)
(762,372,319.053986,-2)
(761,372,319.053986,-2)
(761,373,319.053986,-2)
(760,373,319.053986,-2)
(760,374,319.053986,-2)
(759,375,318.005371,-2)
(758,375,318.005371,-2)
(758,376,318.005371,-2)
(757,376,318.005371,-2)
(757,377,318.005371,-2)
(756,378,317.249084,-2)
(755,379,316.956665,-2)
(754,380,316.740662,-2)
(753,381,316.456543,-2)
(752,382,316.246216,-2)
(751,383,315.968933,-2)
(751,384,315.968933,-2)
(750,384,315.968933,-2)
(749,385,315.490784,-2)
(749,386,315.490784,-2)
(748,386,315.490784,-2)
(747,387,315.019348,-2)
(747,388,315.019348,-2)
(746,388,315.019348,-2)
(745,389,314.551239,-2)
(745,390,314.551239,-2)
(744,390,314.551239,-2)
(743,391,314.082733,-2)
(743,392,314.082733,-2)
(742,392,314.082733,-2)
(741,393,313.608948,-2)
(740,394,313.333862,-2)
(739,395,313.050598,-2)
(738,396,312.641449,-2)
(737,396,312.641449,-2)
(737,397,312.641449,-2)
(736,398,311.966064,-2)
(735,398,311.966064,-2)
(735,399,311.966064,-2)
(734,399,311.966064,-2)
(733,400,311.156189,-2)
(733,401,311.156189,-2)
(732,401,311.156189,-2)
(731,402,310.555847,-2)
(730,403,310.305237,-2)
(729,404,309.973206,-2)
(728,404,309.973206,-2)
(728,405,309.973206,-2)
(727,405,309.973206,-2)
(726,406,309.238953,-2)
(726,407,309.238953,-2)
(725,407,309.238953,-2)
(724,408,308.671326,-2)
(723,408,308.671326,-2)
(723,409,308.671326,-2)
(722,409,308.671326,-2)
(721,410,307.939484,-2)
(720,411,307.693024,-2)
(719,412,307.362549,-2)
(718,412,307.362549,-2)
(718,413,307.362549,-2)
(717,413,307.362549,-2)
(716,414,306.604004,-2)
(715,414,306.604004,-2)
(715,415,306.604004,-2)
(714,415,306.604004,-2)
(713,416,305.818756,-2)
(712,417,305.549530,-2)
(711,417,305.549530,-2)
(711,418,305.549530,-2)
(710,418,305.549530,-2)
(710,419,305.549530,-2)
(709,419,305.549530,-2)
(708,420,304.328796,-2)
(707,420,304.328796,-2)
(707,421,304.328796,-2)
(706,421,304.328796,-2)
(705,422,303.420166,-2)
(704,422,303.420166,-2)
(704,423,303.420166,-2)
(703,423,303.420166,-2)
(702,423,303.420166,-2)
(702,424,303.420166,-2)
(701,424,303.420166,-2)
(700,425,301.753113,-2)
(699,425,301.753113,-2)
(699,426,301.753113,-2)
(698,426,301.753113,-2)
(697,426,301.753113,-2)
(697,427,301.753113,-2)
(696,427,301.753113,-2)
(695,428,299.967834,-2)
(694,428,299.967834,-2)
(694,429,299.967834,-2)
(693,429,299.967834,-2)
(692,429,299.967834,-2)
(692,430,299.967834,-2)
(691,430,299.967834,-2)
(690,431,297.713348,-2)
(689,431,297.713348,-2)
(688,431,297.713348,-2)
(688,432,297.713348,-2)
(687,432,297.713348,-2)
(686,433,295.751709,-2)
(685,433,295.751709,-2)
(684,433,295.751709,-2)
(684,434,295.751709,-2)
(683,434,295.751709,-2)
(682,434,295.751709,-2)
(681,435,292.963135,-2)
(680,435,292.963135,-2)
(679,436,291.449707,-2)
(678,436,291.449707,-2)
(677,436,291.449707,-2)
(677,437,291.449707,-2)
(676,437,291.449707,-2)
(675,437,291.449707,-2)
(674,437,291.449707,-2)
(674,438,291.449707,-2)
(673,438,291.449707,-2)
(672,438,291.449707,-2)
(671,438,291.449707,-2)
(670,438,291.449707,-2)
(670,439,291.449707,-2)
(669,439,291.449707,-2)
(668,439,291.449707,-2)
(667,439,291.449707,-2)
(666,440,282.344849,-2)
(665,440,282.344849,-2)
(664,440,282.344849,-2)
(663,440,282.344849,-2)
(662,440,282.344849,-2)
(661,440,282.344849,-2)
(661,441,282.344849,-2)
(660,441,282.344849,-2)
(659,441,282.344849,-2)
(658,441,282.344849,-2)
(657,441,282.344849,-2)
(656,441,282.344849,-2)
(655,441,282.344849,-2)
(654,441,282.344849,-2)
(653,441,282.344849,-2)
(652,442,274.707153,-2)
(651,442,274.707153,-2)
(650,442,274.707153,-2)
(649,442,274.707153,-2)
(648,442,274.707153,-2)
(647,442,274.707153,-2)
(646,442,274.707153,-2)
(645,442,274.707153,-2)
(644,442,274.707153,-2)
(643,442,274.707153,-2)
(642,442,274.707153,-2)
(641,442,274.707153,-2)
(640,442,274.707153,-2)
(639,442,274.707153,-2)
(638,442,274.707153,-2)
(637,442,274.707153,-2)
(636,442,274.707153,-2)
(635,442,274.707153,-2)
(634,442,274.707153,-2)
(633,442,274.707153,-2)
(632,442,274.707153,-2)
(631,442,274.707153,-2)
(630,442,274.707153,-2)
(629,442,274.707153,-2)
(628,442,274.707153,-2)
(627,442,274.707153,-2)
(626,442,274.707153,-2)
(625,442,274.707153,-2)
(624,442,274.707153,-2)
(623,442,274.707153,-2)
(622,442,274.707153,-2)
(621,442,274.707153,-2)
(620,442,274.707153,-2)
(619,442,274.707153,-2)
(618,442,274.707153,-2)
(617,442,274.707153,-2)
(616,442,274.707153,-2)
(615,442,274.707153,-2)
(614,442,274.707153,-2)
(613,442,274.707153,-2)
(612,442,274.707153,-2)
(611,442,274.707153,-2)
(610,441,267.829041,-2)
(609,441,267.829041,-2)
(608,441,267.829041,-2)
(607,441,267.829041,-2)
(606,441,267.829041,-2)
(605,441,267.829041,-2)
(604,441,267.829041,-2)
(603,441,267.829041,-2)
(602,441,267.829041,-2)
(601,441,267.829041,-2)
(600,441,267.829041,-2)
(599,441,267.829041,-2)
(598,441,267.829041,-2)
(597,441,267.829041,-2)
(596,441,267.829041,-2)
(595,441,267.829041,-2)
(594,441,267.829041,-2)
(593,441,267.829041,-2)
(592,441,267.829041,-2)
(591,441,267.829041,-2)
(590,441,267.829041,-2)
(589,441,267.829041,-2)
(588,441,267.829041,-2)
(587,441,267.829041,-2)
(586,441,267.829041,-2)
(585,441,267.829041,-2)
(584,441,267.829041,-2)
(583,441,267.829041,-2)
(582,441,267.829041,-2)
(581,441,267.829041,-2)
(580,441,267.829041,-2)
(579,441,267.829041,-2)
(578,441,267.829041,-2)
(577,441,267.829041,-2)
(576,441,267.829041,-2)
(575,441,267.829041,-2)
(574,441,267.829041,-2)
(573,441,267.829041,-2)
(572,441,267.829041,-2)
(571,441,267.829041,-2)
(570,441,267.829041,-2)
(569,441,267.829041,-2)
(568,441,267.829041,-2)
(567,441,267.829041,-2)
(566,441,267.829041,-2)
(565,441,267.829041,-2)
(564,441,267.829041,-2)
(563,441,267.829041,-2)
(562,441,267.829041,-2)
(561,441,267.829041,-2)
(560,441,267.829041,-2)
(559,441,267.829041,-2)
(558,441,267.829041,-2)
(557,440,267.552002,-2)
(556,440,267.552002,-2)
(555,440,267.552002,-2)
(554,440,267.552002,-2)
(553,440,267.552002,-2)
(552,440,267.552002,-2)
(551,440,267.552002,-2)
(550,440,267.552002,-2)
(549,440,267.552002,-2)
(548,440,267.552002,-2)
(547,440,267.552002,-2)
(546,440,267.552002,-2)
(545,440,267.552002,-2)
(544,440,267.552002,-2)
(543,440,267.552002,-2)
(542,440,267.552002,-2)
(541,439,264.779602,-2)
(540,439,264.779602,-2)
(539,439,264.779602,-2)
(538,439,264.779602,-2)
(537,439,264.779602,-2)
(536,439,264.779602,-2)
(535,439,264.779602,-2)
(534,439,264.779602,-2)
(533,439,264.779602,-2)
(533,438,264.779602,-2)
(532,438,264.779602,-2)
(531,438,264.779602,-2)
(530,438,264.779602,-2)
(529,438,264.779602,-2)
(528,438,264.779602,-2)
(527,438,264.779602,-2)
(526,438,264.779602,-2)
(525,437,260.179016,-2)
(524,437,260.179016,-2)
(523,437,260.179016,-2)
(522,437,260.179016,-2)
(521,437,260.179016,-2)
(520,436,257.995819,-2)
(519,436,257.995819,-2)
(518,436,257.995819,-2)
(517,436,257.995819,-2)
(516,436,257.995819,-2)
(516,435,257.995819,-2)
(515,435,257.995819,-2)
(514,435,257.995819,-2)
(513,435,257.995819,-2)
(513,434,257.995819,-2)
(512,434,257.995819,-2)
(511,434,257.995819,-2)
(510,434,257.995819,-2)
(509,433,250.810471,-2)
(508,433,250.810471,-2)
(507,433,250.810471,-2)
(506,432,248.158844,-2)
(505,432,248.158844,-2)
(504,431,246.474686,-2)
(503,431,246.474686,-2)
(502,431,246.474686,-2)
(502,430,246.474686,-2)
(501,430,246.474686,-2)
(500,430,246.474686,-2)
(500,429,246.474686,-2)
(499,429,246.474686,-2)
(498,428,242.733749,-2)
(497,428,242.733749,-2)
(496,428,242.733749,-2)
(496,427,242.733749,-2)
(495,427,242.733749,-2)
(494,426,240.901749,-2)
(493,426,240.901749,-2)
(492,425,240.183060,-2)
(491,425,240.183060,-2)
(491,424,240.183060,-2)
(490,424,240.183060,-2)
(489,424,240.183060,-2)
(489,423,240.183060,-2)
(488,423,240.183060,-2)
(487,422,238.364197,-2)
(486,422,238.364197,-2)
(486,421,238.364197,-2)
(485,421,238.364197,-2)
(484,420,237.472275,-2)
(483,420,237.472275,-2)
(483,419,237.472275,-2)
(482,419,237.472275,-2)
(481,418,236.702316,-2)
(480,418,236.702316,-2)
(479,417,236.321075,-2)
(478,417,236.321075,-2)
(478,416,236.321075,-2)
(477,416,236.321075,-2)
(476,415,235.709778,-2)
(475,415,235.709778,-2)
(475,414,235.709778,-2)
(474,414,235.709778,-2)
(474,413,235.709778,-2)
(473,413,235.709778,-2)
(472,412,234.979721,-2)
(471,412,234.979721,-2)
(471,411,234.979721,-2)
(470,411,234.979721,-2)
(469,410,234.569992,-2)
(468,410,234.569992,-2)
(468,409,234.569992,-2)
(467,409,234.569992,-2)
(466,408,234.233185,-2)
(465,407,234.136673,-2)
(464,407,234.136673,-2)
(464,406,234.136673,-2)
(463,406,234.136673,-2)
(462,405,233.893951,-2)
(461,405,233.893951,-2)
(461,404,233.893951,-2)
(460,404,233.893951,-2)
(459,403,233.722000,-2)
(459,402,233.722000,-2)
(458,402,233.722000,-2)
(457,402,233.722000,-2)
(457,401,233.722000,-2)
(456,401,233.722000,-2)
(455,400,233.604660,-2)
(454,399,233.601196,-2)
(453,399,233.601196,-2)
(453,398,233.601196,-2)
(452,398,233.601196,-2)
(451,397,233.649399,-2)
(450,397,233.649399,-2)
(450,396,233.649399,-2)
(449,396,233.649399,-2)
(448,395,233.796478,-2)
(448,394,233.796478,-2)
(447,394,233.796478,-2)
(446,393,233.991486,-2)
(445,393,233.991486,-2)
(445,392,233.991486,-2)
(444,392,233.991486,-2)
(443,391,234.369598,-2)
(442,391,234.369598,-2)
(442,390,234.369598,-2)
(441,390,234.369598,-2)
(440,389,234.931519,-2)
(439,389,234.931519,-2)
(439,388,234.931519,-2)
(438,388,234.931519,-2)
(437,387,235.734741,-2)
(436,387,235.734741,-2)
(436,386,235.734741,-2)
(435,386,235.734741,-2)
(434,385,235.772980,-2)
(433,384,235.768127,-2)
(432,384,235.768127,-2)
(432,383,235.768127,-2)
(431,383,235.768127,-2)
(430,382,235.708160,-2)
(429,382,235.708160,-2)
(429,381,235.708160,-2)
(428,381,235.708160,-2)
(427,380,235.588806,-2)
(426,380,235.588806,-2)
(426,379,235.588806,-2)
(425,379,235.588806,-2)
(424,378,235.417343,-2)
(423,378,235.417343,-2)
(423,377,235.417343,-2)
(422,377,235.417343,-2)
(421,376,235.197937,-2)
(420,376,235.197937,-2)
(420,375,235.197937,-2)
(419,375,235.197937,-2)
(419,374,235.197937,-2)
(418,374,235.197937,-2)
(417,373,234.801056,-2)
(416,373,234.801056,-2)
(416,372,234.801056,-2)
(415,372,234.801056,-2)
(414,371,234.471329,-2)
(413,371,234.471329,-2)
(413,370,234.471329,-2)
(412,370,234.471329,-2)
(411,369,234.095551,-2)
(410,368,233.959717,-2)
(409,368,233.959717,-2)
(409,367,233.959717,-2)
(408,367,233.959717,-2)
(407,366,233.518768,-2)
(406,366,233.518768,-2)
(406,365,233.518768,-2)
(405,365,233.518768,-2)
(405,364,233.518768,-2)
(404,364,233.518768,-2)
(403,363,232.786560,-2)
(402,362,232.600113,-2)
(401,362,232.600113,-2)
(401,361,232.600113,-2)
(400,361,232.600113,-2)
(399,360,231.997284,-2)
(399,359,231.997284,-2)
(398,359,231.997284,-2)
(397,358,231.479172,-2)
(396,358,231.479172,-2)
(396,357,231.479172,-2)
(395,357,231.479172,-2)
(394,356,230.741440,-2)
(394,355,230.741440,-2)
(393,355,230.741440,-2)
(392,354,230.104492,-2)
(391,354,230.104492,-2)
(391,353,230.104492,-2)
(390,353,230.104492,-2)
(390,352,230.104492,-2)
(389,352,230.104492,-2)
(388,351,228.747070,-2)
(387,350,228.396530,-2)
(387,349,228.396530,-2)
(386,349,228.396530,-2)
(385,348,227.514862,-2)
(384,348,227.514862,-2)
(384,347,227.514862,-2)
(383,346,226.531937,-2)
(382,346,226.531937,-2)
(382,345,226.531937,-2)
(381,345,226.531937,-2)
(381,344,226.531937,-2)
(380,343,224.737885,-2)
(379,343,224.737885,-2)
(379,342,224.737885,-2)
(378,341,223.399841,-2)
(377,340,222.770081,-2)
(376,339,221.870071,-2)
(375,338,222.810577,-2)
(374,337,221.955399,-2)
(374,336,221.955399,-2)
(373,336,221.955399,-2)
(373,335,221.955399,-2)
(372,335,221.955399,-2)
(371,334,219.911438,-2)
(371,333,219.911438,-2)
(370,333,219.911438,-2)
(370,332,219.911438,-2)
(369,331,218.655655,-2)
(369,330,218.655655,-2)
(368,330,218.655655,-2)
(368,329,218.655655,-2)
(367,329,218.655655,-2)
(367,328,218.655655,-2)
(366,327,216.933640,-2)
(366,326,216.933640,-2)
(365,326,216.933640,-2)
(365,325,216.933640,-2)
(364,324,215.926025,-2)
(363,323,215.618210,-2)
(363,322,215.618210,-2)
(362,322,215.618210,-2)
(362,321,215.618210,-2)
(361,320,214.768372,-2)
(361,319,214.768372,-2)
(360,319,214.768372,-2)
(360,318,214.768372,-2)
(359,317,214.016098,-2)
(359,316,214.016098,-2)
(358,316,214.016098,-2)
(358,315,214.016098,-2)
(357,314,213.347656,-2)
(357,313,213.347656,-2)
(356,313,213.347656,-2)
(356,312,213.347656,-2)
(355,311,212.752472,-2)
(355,310,212.752472,-2)
(354,310,212.752472,-2)
(354,309,212.752472,-2)
(353,308,212.222076,-2)
(353,307,212.222076,-2)
(352,307,212.222076,-2)
(352,306,212.222076,-2)
(351,305,211.749924,-2)
(351,304,211.749924,-2)
(350,304,211.749924,-2)
(350,303,211.749924,-2)
(350,302,211.749924,-2)
(349,302,211.749924,-2)
(349,301,211.749924,-2)
(348,300,211.078827,-2)
(348,299,211.078827,-2)
(347,299,211.078827,-2)
(347,298,211.078827,-2)
(347,297,211.078827,-2)
(346,297,211.078827,-2)
(346,296,211.078827,-2)
(345,295,210.571518,-2)
(345,294,210.571518,-2)
(344,294,210.571518,-2)
(344,293,210.571518,-2)
(344,292,210.571518,-2)
(343,292,210.571518,-2)
(343,291,210.571518,-2)
(342,290,210.147919,-2)
(342,289,210.147919,-2)
(341,288,210.034042,-2)
(341,287,210.034042,-2)
(340,287,210.034042,-2)
(340,286,210.034042,-2)
(340,285,210.034042,-2)
(339,285,210.034042,-2)
(339,284,210.034042,-2)
(338,283,209.777786,-2)
(338,282,209.777786,-2)
(337,281,209.722610,-2)
(337,280,209.722610,-2)
(336,280,209.722610,-2)
(336,279,209.722610,-2)
(336,278,209.722610,-2)
(335,278,209.722610,-2)
(335,277,209.722610,-2)
(334,276,209.660385,-2)
(334,275,209.660385,-2)
(333,274,209.679169,-2)
(333,273,209.679169,-2)
(332,273,209.679169,-2)
(332,272,209.679169,-2)
(332,271,209.679169,-2)
(331,271,209.679169,-2)
(331,270,209.679169,-2)
(331,269,209.679169,-2)
(330,268,205.890747,-2)
(330,267,205.890747,-2)
(329,267,205.890747,-2)
(329,266,205.890747,-2)
(329,265,205.890747,-2)
(328,264,204.426712,-2)
(328,263,204.426712,-2)
(327,262,203.790466,-2)
(327,261,203.790466,-2)
(327,260,203.790466,-2)
(326,260,203.790466,-2)
(326,259,203.790466,-2)
(326,258,203.790466,-2)
(325,257,202.724030,-2)
(325,256,202.724030,-2)
(324,255,202.354431,-2)
(324,254,202.354431,-2)
(324,253,202.354431,-2)
(323,253,202.354431,-2)
(323,252,202.354431,-2)
(323,251,202.354431,-2)
(322,250,201.776733,-2)
(322,249,201.776733,-2)
(322,248,201.776733,-2)
(321,247,201.556152,-2)
(321,246,201.556152,-2)
(320,246,201.556152,-2)
(320,245,201.556152,-2)
(320,244,201.556152,-2)
(320,243,201.556152,-2)
(319,243,201.556152,-2)
(319,242,201.556152,-2)
(319,241,201.556152,-2)
(318,240,201.398895,-2)
(318,239,201.398895,-2)
(318,238,201.398895,-2)
(317,238,201.398895,-2)
(317,237,201.398895,-2)
(317,236,201.398895,-2)
(317,235,201.398895,-2)
(316,235,201.398895,-2)
(316,234,201.398895,-2)
(316,233,201.398895,-2)
(315,232,201.790894,-2)
(315,231,201.790894,-2)
(314,230,202.013687,-2)
(314,229,202.013687,-2)
(314,228,202.013687,-2)
(313,228,202.013687,-2)
(313,227,202.013687,-2)
(313,226,202.013687,-2)
(312,225,202.679077,-2)
(312,224,202.679077,-2)
(312,223,202.679077,-2)
(311,222,203.224106,-2)
(311,221,203.224106,-2)
(310,221,203.224106,-2)
(310,220,203.224106,-2)
(310,219,203.224106,-2)
(309,218,204.165649,-2)
(309,217,204.165649,-2)
(308,216,204.785614,-2)
(308,215,204.785614,-2)
(308,214,204.785614,-2)
(307,214,204.785614,-2)
(307,213,204.785614,-2)
(307,212,204.785614,-2)
(306,212,204.785614,-2)
(306,211,204.785614,-2)
(305,210,207.042282,-2)
(305,209,207.042282,-2)
(305,208,207.042282,-2)
(304,208,207.042282,-2)
(304,207,207.042282,-2)
(303,206,209.002777,-2)
(303,205,209.002777,-2)
(302,204,210.060928,-2)
(302,203,210.060928,-2)
(301,203,210.060928,-2)
(301,202,210.060928,-2)
(301,201,210.060928,-2)
(300,201,210.060928,-2)
(300,200,210.060928,-2)
(299,199,214.060226,-2)
(299,198,214.060226,-2)
(298,198,214.060226,-2)
(298,197,214.060226,-2)
(297,196,215.374603,-2)
(296,195,215.721588,-2)
(296,194,215.721588,-2)
(295,194,215.721588,-2)
(295,193,215.721588,-2)
(294,192,216.700989,-2)
(293,191,217.113266,-2)
(293,190,217.113266,-2)
(292,190,217.113266,-2)
(292,189,217.113266,-2)
(291,188,218.004562,-2)
(290,187,218.293320,-2)
(290,186,218.293320,-2)
(289,186,218.293320,-2)
(289,185,218.293320,-2)
(288,185,218.293320,-2)
(288,184,218.293320,-2)
(287,183,219.516144,-2)
(286,182,219.794708,-2)
(286,181,219.794708,-2)
(285,181,219.794708,-2)
(285,180,219.794708,-2)
(284,180,219.794708,-2)
(284,179,219.794708,-2)
(283,178,221.002670,-2)
(282,178,221.002670,-2)
(282,177,221.002670,-2)
(281,177,221.002670,-2)
(281,176,221.002670,-2)
(280,175,221.946930,-2)
(279,174,222.331726,-2)
(278,173,222.623810,-2)
(278,172,222.623810,-2)
(277,172,222.623810,-2)
(277,171,222.623810,-2)
(276,171,222.623810,-2)
(275,170,223.726440,-2)
(275,169,223.726440,-2)
(274,169,223.726440,-2)
(274,168,223.726440,-2)
(273,168,223.726440,-2)
(272,167,224.893402,-2)
(272,166,224.893402,-2)
(271,166,224.893402,-2)
(271,165,224.893402,-2)
(270,165,224.893402,-2)
(270,164,224.893402,-2)
(269,164,224.893402,-2)
(268,163,226.505493,-2)
(267,162,226.873856,-2)
(267,161,226.873856,-2)
(266,161,226.873856,-2)
(265,160,227.770905,-2)
(264,159,228.309708,-2)
(263,158,228.727676,-2)
(262,158,228.727676,-2)
(262,157,228.727676,-2)
(261,157,228.727676,-2)
(261,156,228.727676,-2)
(260,156,228.727676,-2)
(259,155,230.698746,-2)
(258,154,231.196228,-2)
(257,154,231.196228,-2)
(257,153,231.196228,-2)
(256,153,231.196228,-2)
(256,152,231.196228,-2)
(255,152,231.196228,-2)
(254,151,233.583923,-2)
(253,150,234.197388,-2)
(252,150,234.197388,-2)
(252,149,234.197388,-2)
(251,149,234.197388,-2)
(250,148,236.211304,-2)
(249,148,236.211304,-2)
(249,147,236.211304,-2)
(248,147,236.211304,-2)
(247,146,238.539734,-2)
(246,146,238.539734,-2)
(246,145,238.539734,-2)
(245,145,238.539734,-2)
(244,145,238.539734,-2)
(244,144,238.539734,-2)
(243,144,238.539734,-2)
(242,144,238.539734,-2)
(241,143,244.143036,-2)
(240,143,244.143036,-2)
(240,142,244.143036,-2)
(239,142,244.143036,-2)
(238,142,244.143036,-2)
(237,141,247.791290,-2)
(236,141,247.791290,-2)
(235,141,247.791290,-2)
(235,140,247.791290,-2)
(234,140,247.791290,-2)
(233,140,247.791290,-2)
(232,140,247.791290,-2)
(232,139,247.791290,-2)
(231,139,247.791290,-2)
(230,139,247.791290,-2)
(229,139,247.791290,-2)
(229,138,247.791290,-2)
(228,138,247.791290,-2)
(227,138,247.791290,-2)
(226,138,247.791290,-2)
(226,137,247.791290,-2)
(225,137,247.791290,-2)
(224,137,247.791290,-2)
(223,137,247.791290,-2)
(222,137,247.791290,-2)
(222,136,247.791290,-2)
(221,136,247.791290,-2)
(220,136,247.791290,-2)
(219,136,247.791290,-2)
(218,136,247.791290,-2)
(217,136,247.791290,-2)
(217,135,247.791290,-2)
(216,135,247.791290,-2)
(215,135,247.791290,-2)
(214,135,247.791290,-2)
(213,135,247.791290,-2)
(212,135,247.791290,-2)
(211,134,260.001221,-2)
(210,134,260.001221,-2)
(209,134,260.001221,-2)
(208,134,260.001221,-2)
(207,134,260.001221,-2)
(206,134,260.001221,-2)
(206,133,260.001221,-2)
(205,133,260.001221,-2)
(204,133,260.001221,-2)
(203,133,260.001221,-2)
(202,133,260.001221,-2)
(201,133,260.001221,-2)
(200,133,260.001221,-2)
(199,133,260.001221,-2)
(198,132,263.483521,-2)
(197,132,263.483521,-2)
(196,132,263.483521,-2)
(195,132,263.483521,-2)
(194,132,263.483521,-2)
(193,132,263.483521,-2)
(192,132,263.483521,-2)
(191,132,263.483521,-2)
(190,132,263.483521,-2)
(189,132,263.483521,-2)
(188,132,263.483521,-2)
(188,131,263.483521,-2)
(187,131,263.483521,-2)
(186,131,263.483521,-2)
(185,131,263.483521,-2)
(184,131,263.483521,-2)
(183,131,263.483521,-2)
(182,131,263.483521,-2)
(181,131,263.483521,-2)
(180,131,263.483521,-2)
(179,131,263.483521,-2)
(178,131,263.483521,-2)
(177,131,263.483521,-2)
(176,131,263.483521,-2)
(175,131,263.483521,-2)
(174,131,263.483521,-2)
(173,131,263.483521,-2)
(172,131,263.483521,-2)
(171,131,263.483521,-2)
(170,131,263.483521,-2)
(169,131,263.483521,-2)
(168,131,263.483521,-2)
(167,131,263.483521,-2)
(166,131,263.483521,-2)
(165,131,263.483521,-2)
(164,131,263.483521,-2)
(163,131,263.483521,-2)
(162,131,263.483521,-2)
(161,131,263.483521,-2)
(160,131,263.483521,-2)
(159,131,263.483521,-2)
(158,131,263.483521,-2)
(157,131,263.483521,-2)
(156,131,263.483521,-2)
(155,131,263.483521,-2)
(154,131,263.483521,-2)
(153,131,263.483521,-2)
(152,131,263.483521,-2)
(152,132,263.483521,-2)
(151,132,263.483521,-2)
(150,132,263.483521,-2)
(149,132,263.483521,-2)
(148,132,263.483521,-2)
(147,132,263.483521,-2)
(146,132,263.483521,-2)
(145,132,263.483521,-2)
(144,132,263.483521,-2)
(143,132,263.483521,-2)
(142,132,263.483521,-2)
(141,133,276.794373,-2)
(140,133,276.794373,-2)
(139,133,276.794373,-2)
(138,133,276.794373,-2)
(137,133,276.794373,-2)
(136,133,276.794373,-2)
(135,133,276.794373,-2)
(134,133,276.794373,-2)
(134,134,276.794373,-2)
(133,134,276.794373,-2)
(132,134,276.794373,-2)
(131,134,276.794373,-2)
(130,134,276.794373,-2)
(129,134,276.794373,-2)
(128,134,276.794373,-2)
(128,135,276.794373,-2)
(127,135,276.794373,-2)
(126,135,276.794373,-2)
(125,135,276.794373,-2)
(124,135,276.794373,-2)
(123,135,276.794373,-2)
(122,136,281.381958,-2)
(121,136,281.381958,-2)
(120,136,281.381958,-2)
(119,136,281.381958,-2)
(118,136,281.381958,-2)
(117,137,282.771179,-2)
(116,137,282.771179,-2)
(115,137,282.771179,-2)
(114,137,282.771179,-2)
(113,138,284.191895,-2)
(112,138,284.191895,-2)
(111,138,284.191895,-2)
(110,138,284.191895,-2)
(110,139,284.191895,-2)
(109,139,284.191895,-2)
(108,139,284.191895,-2)
(107,139,284.191895,-2)
(106,140,286.936340,-2)
(105,140,286.936340,-2)
(104,140,286.936340,-2)
(103,140,286.936340,-2)
(102,141,288.769684,-2)
(101,141,288.769684,-2)
(100,141,288.769684,-2)
(100,142,288.769684,-2)
(99,142,288.769684,-2)
(98,142,288.769684,-2)
(97,143,291.622620,-2)
(96,143,291.622620,-2)
(95,143,291.622620,-2)
(94,144,293.731628,-2)
(93,144,293.731628,-2)
(93,145,293.731628,-2)
(92,145,293.731628,-2)
(91,145,293.731628,-2)
(91,146,293.731628,-2)
(90,146,293.731628,-2)
(89,146,293.731628,-2)
(88,147,299.545746,-2)
(87,147,299.545746,-2)
(87,148,299.545746,-2)
(86,148,299.545746,-2)
(85,149,303.704407,-2)
(84,149,303.704407,-2)
(84,150,303.704407,-2)
(83,150,303.704407,-2)
(82,151,308.994324,-2)
(81,152,311.081635,-2)
(80,153,314.169006,-2)
(79,154,318.838623,-2)
(79,155,318.838623,-2)
(78,155,318.838623,-2)
(78,156,318.838623,-2)
(77,156,318.838623,-2)
(77,157,318.838623,-2)
(76,158,328.422180,-2)
(76,159,328.422180,-2)
(75,160,331.196198,-2)
(75,161,331.196198,-2)
(74,161,331.196198,-2)
(74,162,331.196198,-2)
(74,163,331.196198,-2)
(73,163,331.196198,-2)
(73,164,331.196198,-2)
(73,165,331.196198,-2)
(73,166,331.196198,-2)
(72,166,331.196198,-2)
(72,167,331.196198,-2)
(72,168,331.196198,-2)
(71,169,340.646240,-2)
(71,170,340.646240,-2)
(71,171,340.646240,-2)
(70,171,340.646240,-2)
(70,172,340.646240,-2)
(70,173,340.646240,-2)
(70,174,340.646240,-2)
(69,175,344.431824,-2)
(69,176,344.431824,-2)
(69,177,344.431824,-2)
(69,178,344.431824,-2)
(68,179,346.289917,-2)
(68,180,346.289917,-2)
(68,181,346.289917,-2)
(68,182,346.289917,-2)
(68,183,346.289917,-2)
(67,183,346.289917,-2)
(67,184,346.289917,-2)
(67,185,346.289917,-2)
(67,186,346.289917,-2)
(67,187,346.289917,-2)
(67,188,346.289917,-2)
(66,189,349.844421,-2)
(66,190,349.844421,-2)
(66,191,349.844421,-2)
(66,192,349.844421,-2)
(66,193,349.844421,-2)
(66,194,349.844421,-2)
(65,194,349.844421,-2)
(65,195,349.844421,-2)
(65,196,349.844421,-2)
(65,197,349.844421,-2)
(65,198,349.844421,-2)
(65,199,349.844421,-2)
(65,200,349.844421,-2)
(65,201,349.844421,-2)
(64,202,353.079590,-2)
(64,203,353.079590,-2)
(64,204,353.079590,-2)
(64,205,353.079590,-2)
(64,206,353.079590,-2)
(64,207,353.079590,-2)
(64,208,353.079590,-2)
(64,209,353.079590,-2)
(64,210,353.079590,-2)
(63,211,354.748199,-2)
(63,212,354.748199,-2)
(63,213,354.748199,-2)
(63,214,354.748199,-2)
(63,215,354.748199,-2)
(63,216,354.748199,-2)
(63,217,354.748199,-2)
(63,218,354.748199,-2)
(63,219,354.748199,-2)
(63,220,354.748199,-2)
(63,221,354.748199,-2)
(63,222,354.748199,-2)
(63,223,354.748199,-2)
(63,224,354.748199,-2)
(62,224,354.748199,-2)
(62,225,354.748199,-2)
(62,226,354.748199,-2)
(62,227,354.748199,-2)
(62,228,354.748199,-2)
(62,229,354.748199,-2)
(62,230,354.748199,-2)
(62,231,354.748199,-2)
(62,232,354.748199,-2)
(62,233,354.748199,-2)
(62,234,354.748199,-2)
(62,235,354.748199,-2)
(62,236,354.748199,-2)
(62,237,354.748199,-2)
(62,238,354.748199,-2)
(62,239,354.748199,-2)
(62,240,354.748199,-2)
(62,241,354.748199,-2)
(62,242,354.748199,-2)
(62,243,354.748199,-2)
(62,244,354.748199,-2)
(62,245,354.748199,-2)
(62,246,354.748199,-2)
(62,247,354.748199,-2)
(62,248,354.748199,-2)
(63,249,3.653900,-2)
(63,250,3.653900,-2)
(63,251,3.653900,-2)
(63,252,3.653900,-2)
(63,253,3.653900,-2)
(63,254,3.653900,-2)
(63,255,3.653900,-2)
(63,256,3.653900,-2)
(63,257,3.653900,-2)
(63,258,3.653900,-2)
(63,259,3.653900,-2)
(63,260,3.653900,-2)
(64,261,5.715271,-2)
(64,262,5.715271,-2)
(64,263,5.715271,-2)
(64,264,5.715271,-2)
(64,265,5.715271,-2)
(64,266,5.715271,-2)
(64,267,5.715271,-2)
(64,268,5.715271,-2)
(64,269,5.715271,-2)
(64,270,5.715271,-2)
(65,270,5.715271,-2)
(65,271,5.715271,-2)
(65,272,5.715271,-2)
(65,273,5.715271,-2)
(65,274,5.715271,-2)
(65,275,5.715271,-2)
(65,276,5.715271,-2)
(65,277,5.715271,-2)
(66,277,5.715271,-2)
(66,278,5.715271,-2)
(66,279,5.715271,-2)
(66,280,5.715271,-2)
(66,281,5.715271,-2)
(66,282,5.715271,-2)
(66,283,5.715271,-2)
(67,284,9.239014,-2)
(67,285,9.239014,-2)
(67,286,9.239014,-2)
(67,287,9.239014,-2)
(67,288,9.239014,-2)
(67,289,9.239014,-2)
(68,290,10.229660,-2)
(68,291,10.229660,-2)
(68,292,10.229660,-2)
(68,293,10.229660,-2)
(68,294,10.229660,-2)
(69,295,11.169991,-2)
(69,296,11.169991,-2)
(69,297,11.169991,-2)
(69,298,11.169991,-2)
(69,299,11.169991,-2)
(69,300,11.169991,-2)
(70,300,11.169991,-2)
(70,301,11.169991,-2)
(70,302,11.169991,-2)
(70,303,11.169991,-2)
(70,304,11.169991,-2)
(71,305,13.343666,-2)
(71,306,13.343666,-2)
(71,307,13.343666,-2)
(71,308,13.343666,-2)
(72,309,14.429924,-2)
(72,310,14.429924,-2)
(72,311,14.429924,-2)
(72,312,14.429924,-2)
(73,312,14.429924,-2)
(73,313,14.429924,-2)
(73,314,14.429924,-2)
(73,315,14.429924,-2)
(74,315,14.429924,-2)
(74,316,14.429924,-2)
(74,317,14.429924,-2)
(74,318,14.429924,-2)
(74,319,14.429924,-2)
(75,319,14.429924,-2)
(75,320,14.429924,-2)
(75,321,14.429924,-2)
(75,322,14.429924,-2)
(76,322,14.429924,-2)
(76,323,14.429924,-2)
(76,324,14.429924,-2)
(77,325,20.197121,-2)
(77,326,20.197121,-2)
(77,327,20.197121,-2)
(78,328,21.269531,-2)
(78,329,21.269531,-2)
(79,330,22.012955,-2)
(79,331,22.012955,-2)
(79,332,22.012955,-2)
(80,332,22.012955,-2)
(80,333,22.012955,-2)
(80,334,22.012955,-2)
(81,335,23.486511,-2)
(81,336,23.486511,-2)
(82,337,24.117233,-2)
(82,338,24.117233,-2)
(82,339,24.117233,-2)
(83,339,24.117233,-2)
(83,340,24.117233,-2)
(83,341,24.117233,-2)
(84,342,25.406967,-2)
(84,343,25.406967,-2)
(85,343,25.406967,-2)
(85,344,25.406967,-2)
(85,345,25.406967,-2)
(86,346,26.439907,-2)
(86,347,26.439907,-2)
(87,347,26.439907,-2)
(87,348,26.439907,-2)
(87,349,26.439907,-2)
(88,350,27.440788,-2)
(88,351,27.440788,-2)
(89,351,27.440788,-2)
(89,352,27.440788,-2)
(89,353,27.440788,-2)
(90,353,27.440788,-2)
(90,354,27.440788,-2)
(91,355,28.785686,-2)
(91,356,28.785686,-2)
(92,357,29.235325,-2)
(92,358,29.235325,-2)
(93,359,29.779354,-2)
(93,360,29.779354,-2)
(94,360,29.779354,-2)
(94,361,29.779354,-2)
(95,362,30.610577,-2)
(95,363,30.610577,-2)
(96,364,31.083534,-2)
(96,365,31.083534,-2)
(97,365,31.083534,-2)
(97,366,31.083534,-2)
(97,367,31.083534,-2)
(98,367,31.083534,-2)
(98,368,31.083534,-2)
(99,369,32.573540,-2)
(99,370,32.573540,-2)
(100,370,32.573540,-2)
(100,371,32.573540,-2)
(101,372,33.539063,-2)
(101,373,33.539063,-2)
(102,373,33.539063,-2)
(102,374,33.539063,-2)
(103,375,34.579926,-2)
(103,376,34.579926,-2)
(104,376,34.579926,-2)
(104,377,34.579926,-2)
(105,378,35.719841,-2)
(105,379,35.719841,-2)
(106,379,35.719841,-2)
(106,380,35.719841,-2)
(107,381,36.990570,-2)
(108,381,36.990570,-2)
(108,382,36.990570,-2)
(109,383,38.097107,-2)
(109,384,38.097107,-2)
(110,384,38.097107,-2)
(110,385,38.097107,-2)
(111,386,39.721897,-2)
(112,386,39.721897,-2)
(112,387,39.721897,-2)
(113,388,41.194645,-2)
(114,389,42.423565,-2)
(115,390,43.913116,-2)
(115,391,43.913116,-2)
(116,391,43.913116,-2)
(117,392,46.252411,-2)
(117,393,46.252411,-2)
(118,393,46.252411,-2)
(119,394,48.287613,-2)
(120,394,48.287613,-2)
(120,395,48.287613,-2)
(121,395,48.287613,-2)
(121,396,48.287613,-2)
(122,396,48.287613,-2)
(123,397,51.388214,-2)
(124,398,51.995773,-2)
(125,398,51.995773,-2)
(125,399,51.995773,-2)
(126,399,51.995773,-2)
(126,400,51.995773,-2)
(127,400,51.995773,-2)
(128,401,54.233662,-2)
(129,402,54.668518,-2)
(130,402,54.668518,-2)
(130,403,54.668518,-2)
(131,403,54.668518,-2)
(132,404,55.812302,-2)
(133,404,55.812302,-2)
(133,405,55.812302,-2)
(134,405,55.812302,-2)
(135,406,56.737297,-2)
(136,406,56.737297,-2)
(136,407,56.737297,-2)
(137,407,56.737297,-2)
(138,408,57.466461,-2)
(139,408,57.466461,-2)
(139,409,57.466461,-2)
(140,409,57.466461,-2)
(141,409,57.466461,-2)
(141,410,57.466461,-2)
(142,410,57.466461,-2)
(143,411,58.290306,-2)
(144,411,58.290306,-2)
(145,412,58.463306,-2)
(146,412,58.463306,-2)
(146,413,58.463306,-2)
(147,413,58.463306,-2)
(148,414,58.652016,-2)
(149,414,58.652016,-2)
(149,415,58.652016,-2)
(150,415,58.652016,-2)
(151,416,58.684258,-2)
(152,416,58.684258,-2)
(152,417,58.684258,-2)
(153,417,58.684258,-2)
(154,417,58.684258,-2)
(154,418,58.684258,-2)
(155,418,58.684258,-2)
(156,419,58.383644,-2)
(157,419,58.383644,-2)
(157,420,58.383644,-2)
(158,420,58.383644,-2)
(159,421,57.977997,-2)
(160,421,57.977997,-2)
(161,422,57.673523,-2)
(162,422,57.673523,-2)
(162,423,57.673523,-2)
(163,423,57.673523,-2)
(164,424,56.970398,-2)
(165,424,56.970398,-2)
(165,425,56.970398,-2)
(166,425,56.970398,-2)
(167,426,56.045795,-2)
(168,426,56.045795,-2)
(168,427,56.045795,-2)
(169,427,56.045795,-2)
(170,428,54.865459,-2)
(171,428,54.865459,-2)
(171,429,54.865459,-2)
(172,429,54.865459,-2)
(172,430,54.865459,-2)
(173,430,54.865459,-2)
(174,431,52.612362,-2)
(175,431,52.612362,-2)
(175,432,52.612362,-2)
(176,432,52.612362,-2)
(177,433,50.580494,-2)
(177,434,50.580494,-2)
(178,434,50.580494,-2)
(179,435,48.667198,-2)
(180,436,49.850815,-2)
(181,436,49.850815,-2)
(181,437,49.850815,-2)
(182,437,49.850815,-2)
(182,438,49.850815,-2)
(183,438,49.850815,-2)
(184,439,49.514015,-2)
(184,440,49.514015,-2)
(185,440,49.514015,-2)
(186,441,49.317894,-2)
(187,441,49.317894,-2)
(187,442,49.317894,-2)
(188,443,49.111427,-2)
(189,443,49.111427,-2)
(189,444,49.111427,-2)
(190,444,49.111427,-2)
(191,445,48.831066,-2)
(191,446,48.831066,-2)
(192,446,48.831066,-2)
(193,447,48.601055,-2)
(194,448,48.499325,-2)
(195,449,48.360313,-2)
(196,449,48.360313,-2)
(196,450,48.360313,-2)
(197,450,48.360313,-2)
(197,451,48.360313,-2)
(198,452,47.958790,-2)
(199,452,47.958790,-2)
(199,453,47.958790,-2)
(200,453,47.958790,-2)
(200,454,47.958790,-2)
(201,454,47.958790,-2)
(202,455,47.485710,-2)
(202,456,47.485710,-2)
(203,456,47.485710,-2)
(204,457,47.191185,-2)
(205,457,47.191185,-2)
(205,458,47.191185,-2)
(206,459,46.881630,-2)
(207,459,46.881630,-2)
(207,460,46.881630,-2)
(208,461,46.555908,-2)
(209,461,46.555908,-2)
(209,462,46.555908,-2)
(210,462,46.555908,-2)
(210,463,46.555908,-2)
(211,464,46.007885,-2)
(212,464,46.007885,-2)
(212,465,46.007885,-2)
(213,466,45.633610,-2)
(214,466,45.633610,-2)
(214,467,45.633610,-2)
(215,467,45.633610,-2)
(215,468,45.633610,-2)
(216,468,45.633610,-2)
(216,469,45.633610,-2)
(217,469,45.633610,-2)
(217,470,45.633610,-2)
(218,471,44.563831,-2)
(219,471,44.563831,-2)
(219,472,44.563831,-2)
(220,472,44.563831,-2)
(220,473,44.563831,-2)
(221,473,44.563831,-2)
(221,474,44.563831,-2)
(222,475,43.602634,-2)
(223,475,43.602634,-2)
(223,476,43.602634,-2)
(224,477,43.070244,-2)
(225,478,42.830078,-2)
(226,479,42.497643,-2)
(227,480,42.238644,-2)
(228,481,41.879482,-2)
(228,482,41.879482,-2)
(229,482,41.879482,-2)
(230,483,41.209530,-2)
(230,484,41.209530,-2)
(231,484,41.209530,-2)
(231,485,41.209530,-2)
(232,486,40.259598,-2)
(233,487,39.917786,-2)
(234,488,39.440102,-2)
(234,489,39.440102,-2)
(235,489,39.440102,-2)
(235,490,39.440102,-2)
(236,491,38.262173,-2)
(237,492,37.833466,-2)
(238,493,37.230244,-2)
(238,494,37.230244,-2)
(239,494,37.230244,-2)
(239,495,37.230244,-2)
(240,496,35.720142,-2)
(240,497,35.720142,-2)
(241,497,35.720142,-2)
(241,498,35.720142,-2)
(242,499,34.960320,-2)
(243,500,34.752655,-2)
(243,501,34.752655,-2)
(244,501,34.752655,-2)
(244,502,34.752655,-2)
(245,503,34.149525,-2)
(245,504,34.149525,-2)
(246,504,34.149525,-2)
(246,505,34.149525,-2)
(247,506,33.565990,-2)
(247,507,33.565990,-2)
(248,507,33.565990,-2)
(248,508,33.565990,-2)
(249,509,32.991604,-2)
(249,510,32.991604,-2)
(250,510,32.991604,-2)
(250,511,32.991604,-2)
(251,512,32.418133,-2)
(251,513,32.418133,-2)
(252,513,32.418133,-2)
(252,514,32.418133,-2)
(252,515,32.418133,-2)
(253,515,32.418133,-2)
(253,516,32.418133,-2)
(254,517,31.446545,-2)
(254,518,31.446545,-2)
(255,518,31.446545,-2)
(255,519,31.446545,-2)
(256,520,30.844421,-2)
(256,521,30.844421,-2)
(257,522,30.501129,-2)
(257,523,30.501129,-2)
(258,523,30.501129,-2)
(258,524,30.501129,-2)
(258,525,30.501129,-2)
(259,525,30.501129,-2)
(259,526,30.501129,-2)
(260,527,29.421810,-2)
(260,528,29.421810,-2)
(261,528,29.421810,-2)
(261,529,29.421810,-2)
(261,530,29.421810,-2)
(262,531,28.570564,-2)
(262,532,28.570564,-2)
(263,532,28.570564,-2)
(263,533,28.570564,-2)
(263,534,28.570564,-2)
(264,534,28.570564,-2)
(264,535,28.570564,-2)
(265,536,27.302177,-2)
(265,537,27.302177,-2)
(265,538,27.302177,-2)
(266,538,27.302177,-2)
(266,539,27.302177,-2)
(267,540,26.271698,-2)
(267,541,26.271698,-2)
(267,542,26.271698,-2)
(268,542,26.271698,-2)
(268,543,26.271698,-2)
(268,544,26.271698,-2)
(269,545,24.913284,-2)
(269,546,24.913284,-2)
(270,546,24.913284,-2)
(270,547,24.913284,-2)
(270,548,24.913284,-2)
(271,549,23.613770,-2)
(271,550,23.613770,-2)
(272,551,22.833786,-2)
(272,552,22.833786,-2)
(272,553,22.833786,-2)
(273,553,22.833786,-2)
(273,554,22.833786,-2)
(273,555,22.833786,-2)
(273,556,22.833786,-2)
(274,556,22.833786,-2)
(274,557,22.833786,-2)
(274,558,22.833786,-2)
(275,559,19.576851,-2)
(275,560,19.576851,-2)
(275,561,19.576851,-2)
(276,562,18.050858,-2)
(276,563,18.050858,-2)
(276,564,18.050858,-2)
(277,565,16.310059,-2)
(277,566,16.310059,-2)
(277,567,16.310059,-2)
(277,568,16.310059,-2)
(278,569,13.747894,-2)
(278,570,13.747894,-2)
(278,571,13.747894,-2)
(278,572,13.747894,-2)
(279,573,10.262291,-2)
(279,574,10.262291,-2)
(279,575,10.262291,-2)
(279,576,10.262291,-2)
(279,577,10.262291,-2)
(279,578,10.262291,-2)
(279,579,10.262291,-2)
(279,580,10.262291,-2)
(279,581,10.262291,-2)
(279,582,10.262291,-2)
(279,583,10.262291,-2)
(279,584,10.262291,-2)
(279,585,10.262291,-2)
(279,586,10.262291,-2)
(279,587,10.262291,-2)
(279,588,10.262291,-2)
(279,589,10.262291,-2)
(279,590,10.262291,-2)
(279,591,10.262291,-2)
(279,592,10.262291,-2)
(279,593,10.262291,-2)
(279,594,10.262291,-2)
(279,595,10.262291,-2)
(279,596,10.262291,-2)
(279,597,10.262291,-2)
(279,598,10.262291,-2)
(278,599,352.201813,-2)
(278,600,352.201813,-2)
(278,601,352.201813,-2)
(278,602,352.201813,-2)
(278,603,352.201813,-2)
(278,604,352.201813,-2)
(278,605,352.201813,-2)
(277,605,352.201813,-2)
(277,606,352.201813,-2)
(277,607,352.201813,-2)
(277,608,352.201813,-2)
(277,609,352.201813,-2)
(276,610,347.759460,-2)
(276,611,347.759460,-2)
(276,612,347.759460,-2)
(276,613,347.759460,-2)
(276,614,347.759460,-2)
(275,614,347.759460,-2)
(275,615,347.759460,-2)
(275,616,347.759460,-2)
(275,617,347.759460,-2)
(275,618,347.759460,-2)
(274,618,347.759460,-2)
(274,619,347.759460,-2)
(274,620,347.759460,-2)
(274,621,347.759460,-2)
(273,622,343.592560,-2)
(273,623,343.592560,-2)
(273,624,343.592560,-2)
(272,625,342.570435,-2)
(272,626,342.570435,-2)
(272,627,342.570435,-2)
(272,628,342.570435,-2)
(271,628,342.570435,-2)
(271,629,342.570435,-2)
(271,630,342.570435,-2)
(271,631,342.570435,-2)
(270,631,342.570435,-2)
(270,632,342.570435,-2)
(270,633,342.570435,-2)
(270,634,342.570435,-2)
(269,634,342.570435,-2)
(269,635,342.570435,-2)
(269,636,342.570435,-2)
(268,637,338.545563,-2)
(268,638,338.545563,-2)
(267,639,337.717896,-2)
(267,640,337.717896,-2)
(267,641,337.717896,-2)
(266,641,337.717896,-2)
(266,642,337.717896,-2)
(266,643,337.717896,-2)
(265,644,335.810577,-2)
(265,645,335.810577,-2)
(264,646,334.857849,-2)
(264,647,334.857849,-2)
(264,648,334.857849,-2)
(263,648,334.857849,-2)
(263,649,334.857849,-2)
(262,650,332.939423,-2)
(262,651,332.939423,-2)
(261,652,331.768158,-2)
(261,653,331.768158,-2)
(260,654,330.702820,-2)
(260,655,330.702820,-2)
(259,655,330.702820,-2)
(259,656,330.702820,-2)
(259,657,330.702820,-2)
(257,659,327.374878,-2)
(256,660,325.358368,-2)
(255,662,323.647766,-2)
(254,664,322.175781,-2)
(253,665,320.894226,-2)
(251,667,319.768494,-2)
(250,668,318.768158,-2)
(249,670,317.874695,-2)
(247,671,317.069885,-2)
(246,673,316.340698,-2)
(245,674,315.677338,-2)
(243,676,315.069916,-2)
(242,677,314.512146,-2)
(240,678,313.998291,-2)
(239,680,313.522644,-2)
(237,681,313.081512,-2)
(236,683,312.671570,-2)
(234,684,312.289734,-2)
(233,685,311.933502,-2)
(231,687,311.600708,-2)
(230,688,311.290009,-2)
(228,689,310.999573,-2)
(227,691,310.728485,-2)
(225,692,310.475677,-2)
(224,693,310.240540,-2)
(222,695,310.022919,-2)
(221,696,309.822601,-2)
(219,697,309.640198,-2)
(217,699,309.476227,-2)
(216,700,309.332184,-2)
(214,701,309.210449,-2)
(213,702,309.114197,-2)
(211,704,309.049133,-2)
(210,705,309.023193,-2)
(208,706,309.050507,-2)
(206,707,309.154297,-2)
(205,709,309.379517,-2)
(203,710,309.822876,-2)
(202,711,310.745728,-2)
(201,712,310.745728,-2)
(201,712,310.745728,-2)
(200,713,310.745728,-2)
(199,714,310.745728,-2)
(198,715,310.745728,-2)
(197,716,310.745728,-2)
(196,717,310.745728,-2)
(195,718,310.745728,-2)
(194,719,310.745728,-2)
(193,720,310.745728,-2)
(192,721,310.745728,-2)
(191,722,310.745728,-2)
(190,723,310.745728,-2)
(189,724,310.745728,-2)
(188,725,310.745728,-2)
(187,726,310.745728,-2)
(186,727,310.745728,-2)
(185,728,310.745728,-2)
(184,729,310.745728,-2)
(183,730,310.745728,-2)
(182,731,310.745728,-2)
(181,732,310.745728,-2)
(180,733,310.745728,-2)
(179,734,310.745728,-2)
(178,735,310.745728,-2)
(177,736,310.745728,-2)
(176,737,310.745728,-2)
(175,738,310.745728,-2)
(174,739,310.745728,-2)
(173,740,310.745728,-2)
(172,741,310.745728,-2)
(171,742,310.745728,-2)
(170,743,310.745728,-2)
(169,744,310.745728,-2)
(168,745,310.745728,-2)
(167,746,310.745728,-2)
(166,747,310.745728,-2)
(165,748,310.745728,-2)
(164,749,310.745728,-2)
(163,750,310.745728,-2)
(162,751,310.745728,-2)
(161,752,310.745728,-2)
(160,753,310.745728,-2)
(159,754,310.745728,-2)
(158,755,310.745728,-2)
(157,756,310.745728,-2)
(156,757,310.745728,-2)
(155,758,310.745728,-2)
(154,759,310.745728,-2)
(153,760,310.745728,-2)
(152,761,310.745728,-2)
(151,762,310.745728,-2)
(150,763,310.745728,-2)
(149,764,310.745728,-2)
(148,765,310.745728,-2)
(147,766,310.745728,-2)
(146,767,310.745728,-2)
(145,768,310.745728,-2)
(144,769,310.745728,-2)
(143,770,310.745728,-2)
(142,771,310.745728,-2)
(141,772,310.745728,-2)
(140,773,310.745728,-2)
(139,774,310.745728,-2)
(138,775,310.745728,-2)
(137,776,310.745728,-2)
(136,777,310.745728,-2)
(135,778,310.745728,-2)
(134,779,310.745728,-2)
(133,780,310.745728,-2)
(132,781,310.745728,-2)
(131,782,310.745728,-2)
(130,783,310.745728,-2)
(129,784,310.745728,-2)
(128,785,310.745728,-2)
(127,786,310.745728,-2)
(126,787,310.745728,-2)
(125,788,310.745728,-2)
(124,789,310.745728,-2)
(123,790,310.745728,-2)
(122,791,310.745728,-2)
(121,792,310.745728,-2)
(120,793,310.745728,-2)
(119,794,310.745728,-2)
(118,795,310.745728,-2)
(117,796,310.745728,-2)
(116,797,310.745728,-2)
(115,798,310.745728,-2)
(114,799,310.745728,-2)
(113,800,310.745728,-2)
(112,801,310.745728,-2)
(111,802,310.745728,-2)
(110,803,310.745728,-2)
(109,804,310.745728,-2)
(108,805,310.745728,-2)
(107,806,310.745728,-2)
(106,807,310.745728,-2)
(105,808,310.745728,-2)
(104,809,310.745728,-2)
(103,810,310.745728,-2)
(102,811,310.745728,-2)
(101,812,310.745728,-2)
